1 0.168890 0.447388 -0.878248 0.471919 0.145283 -0.869589 
2 -0.259994 -0.054868 -0.964050 0.022130 -0.886158 -0.462854 
3 -0.972081 0.205230 -0.113751 0.479626 0.023168 -0.877167 
4 -0.900181 0.391633 -0.190522 -0.486189 0.197326 -0.851283 
1 -0.025260 -0.057411 -0.998031 0.461014 -0.745596 -0.481200 
2 0.320351 0.388499 -0.863970 0.513021 0.086140 -0.854043 
3 0.164491 -0.986378 -0.001213 0.931959 0.123562 -0.340859 
4 -0.041932 -0.151600 -0.987552 -0.982779 0.161453 -0.089881 
1 -0.516811 -0.827331 -0.220069 -0.657225 0.621968 -0.425688 
2 0.321279 0.340337 -0.883714 -0.504318 -0.023288 -0.863204 
3 0.984338 0.174193 -0.027120 0.912183 0.161049 -0.376809 
4 -0.052000 -0.084337 -0.995080 -0.990657 0.108557 -0.082551 
1 -0.587234 -0.807672 -0.053126 -0.538872 0.733219 -0.414737 
2 0.306927 0.294526 -0.905014 -0.515161 0.037341 -0.856280 
3 0.009539 0.066643 -0.997731 -0.236092 0.220702 -0.946336 
4 -0.010855 -0.013462 -0.999850 -0.099269 0.059004 -0.993310 
1 -0.512293 -0.858280 -0.030193 -0.666256 -0.605877 -0.434760 
2 -0.268691 -0.144522 -0.952323 -0.459480 0.088820 -0.883736 
3 0.024414 0.056619 -0.998097 -0.195717 0.208830 -0.958168 
4 -0.107365 -0.110954 -0.988009 -0.259052 0.060057 -0.963994 
1 -0.526214 -0.847853 -0.065148 0.651002 0.620731 -0.436908 
2 0.265433 0.185468 -0.946122 -0.494145 0.094721 -0.864204 
3 0.021440 0.090844 -0.995634 -0.195413 0.290675 -0.936655 
4 -0.011600 -0.201086 -0.979505 -0.157302 -0.104547 -0.982001 
1 -0.538504 -0.838585 -0.082389 -0.714291 -0.530155 -0.456863 
2 -0.218741 -0.106501 -0.969954 -0.447461 0.091719 -0.889588 
3 0.059768 0.032120 -0.997695 -0.169947 0.205128 -0.963867 
4 0.001531 -0.152040 -0.988373 -0.133383 -0.078160 -0.987978 
1 -0.526376 -0.849635 -0.032381 0.660395 0.640078 -0.392655 
2 -0.248004 -0.022808 -0.968490 -0.525622 0.053825 -0.849014 
3 0.126882 0.004260 -0.991909 -0.081608 0.220621 -0.971940 
4 0.026485 -0.028553 -0.999241 -0.077501 0.032209 -0.996472 
1 -0.521608 -0.850273 -0.070440 -0.678776 -0.626701 -0.382764 
2 -0.215075 0.062611 -0.974589 -0.514942 0.114151 -0.849590 
3 0.088303 -0.007371 -0.996066 -0.123120 0.197692 -0.972502 
4 -0.012803 0.039432 -0.999140 -0.170019 0.069873 -0.982960 
1 -0.527400 -0.844192 -0.095858 -0.674443 -0.636736 -0.373757 
2 -0.237318 -0.034179 -0.970831 -0.502781 0.064628 -0.861994 
3 0.018400 0.048053 -0.998675 -0.198185 0.186184 -0.962319 
4 -0.020578 0.129135 -0.991413 -0.186563 0.164310 -0.968605 
1 -0.502098 -0.862885 -0.057679 0.636364 0.692305 -0.340227 
2 -0.246335 -0.008129 -0.969151 -0.462613 0.069148 -0.883860 
3 0.036970 0.063436 -0.997301 -0.171997 0.194082 -0.965789 
4 0.128439 -0.991680 -0.008575 -0.224937 0.154557 -0.962037 
1 -0.527835 -0.849216 -0.014903 0.663761 0.636092 -0.393456 
2 -0.276728 0.027642 -0.960551 -0.490940 -0.004624 -0.871181 
3 0.080311 0.051235 -0.995452 -0.114143 0.164755 -0.979708 
4 0.005016 0.114947 -0.993359 -0.182739 0.142782 -0.972738 
1 -0.533130 -0.839027 -0.108658 -0.558789 0.687735 -0.463439 
2 0.222282 -0.622974 -0.749996 0.562146 0.210450 -0.799814 
3 0.064603 0.028480 -0.997505 -0.155948 0.204851 -0.966290 
4 -0.000023 0.107183 -0.994239 -0.166356 0.163009 -0.972499 
1 -0.502571 -0.845198 -0.181828 0.621677 -0.626410 -0.470242 
2 0.188089 -0.671481 -0.716753 -0.551073 0.172146 -0.816508 
3 0.053707 0.078479 -0.995468 -0.140464 0.313647 -0.939093 
4 -0.007629 0.094060 -0.995537 -0.170375 0.162186 -0.971940 
1 -0.512602 -0.850343 -0.118978 0.580807 -0.630680 -0.514690 
2 0.120560 -0.606969 -0.785528 0.431113 -0.558483 -0.708687 
3 0.019962 0.086803 -0.996025 -0.196745 0.304713 -0.931902 
4 -0.043064 0.089745 -0.995033 -0.229219 0.142900 -0.962828 
1 -0.523778 -0.836992 -0.158429 0.619806 -0.655885 -0.430878 
2 0.138064 -0.523633 -0.840682 0.336498 -0.490380 -0.803926 
3 0.017475 0.082332 -0.996452 -0.194015 0.239573 -0.951295 
4 -0.037600 0.105084 -0.993752 -0.243109 0.148828 -0.958513 
1 -0.515968 -0.847788 -0.122610 0.579586 -0.638971 -0.505763 
2 0.160749 -0.438148 -0.884413 -0.410216 0.408462 -0.815403 
3 0.037495 0.014497 -0.999192 -0.194233 0.184832 -0.963385 
4 0.044728 0.040979 -0.998158 -0.218093 0.196382 -0.955965 
1 -0.601667 -0.782622 -0.159683 0.476079 -0.748836 -0.461078 
2 -0.208221 0.349415 -0.913539 -0.428151 0.316592 -0.846437 
3 0.061285 0.026655 -0.997764 -0.134956 0.198392 -0.970787 
4 -0.088666 0.087075 -0.992248 -0.208551 0.156103 -0.965473 
1 0.206296 -0.720400 -0.662167 0.482520 0.378929 -0.789675 
2 -0.234986 0.284662 -0.929381 -0.443738 0.243100 -0.862554 
3 0.055164 0.041893 -0.997598 -0.139880 0.256853 -0.956274 
4 0.151147 -0.982930 -0.104899 0.951978 0.201133 -0.230831 
1 -0.118932 -0.163274 -0.979386 -0.440928 -0.031726 -0.896982 
2 -0.257476 0.191108 -0.947198 -0.445962 0.206218 -0.870972 
3 0.037635 0.014290 -0.999189 -0.181787 0.187513 -0.965294 
4 0.156240 -0.979586 -0.126494 0.927369 0.191602 -0.321366 
1 0.168180 0.519511 -0.837749 0.482823 0.233888 -0.843907 
2 -0.236305 0.102903 -0.966215 -0.457886 0.105554 -0.882722 
3 0.024019 0.014220 -0.999610 -0.234402 0.191987 -0.952994 
4 0.170700 -0.973765 -0.150476 0.904411 0.215810 -0.368058 
1 0.170980 0.540891 -0.823531 0.469322 0.229530 -0.852674 
2 -0.254525 0.012184 -0.966989 -0.440320 0.062309 -0.895676 
3 0.035252 0.055680 -0.997826 -0.198567 0.235059 -0.951482 
4 0.153371 -0.977250 -0.146494 0.918145 0.198267 -0.343073 
1 0.139034 0.543897 -0.827554 0.453054 0.265213 -0.851119 
2 -0.249821 0.032198 -0.967757 -0.467967 0.090086 -0.879142 
3 -0.006440 0.059734 -0.998194 -0.259901 0.244652 -0.934129 
4 0.166680 -0.975818 -0.141411 0.916704 0.221979 -0.332234 
1 0.195998 0.549478 -0.812194 0.496326 0.291004 -0.817910 
2 -0.262301 0.008688 -0.964947 -0.474767 0.089520 -0.875547 
3 -0.012865 0.097666 -0.995136 -0.252020 0.326934 -0.910824 
4 0.160598 -0.975440 -0.150747 0.916740 0.206791 -0.341796 
1 0.197744 0.538416 -0.819149 0.521182 0.243187 -0.818065 
2 -0.257032 -0.041826 -0.965497 -0.450226 0.100902 -0.887195 
3 -0.011428 0.116163 -0.993164 -0.250795 0.267874 -0.930239 
4 0.194594 -0.970396 -0.143058 0.922176 0.223095 -0.315942 
1 0.175010 0.560062 -0.809754 0.490431 0.277136 -0.826240 
2 -0.246818 -0.050117 -0.967765 -0.441366 0.145932 -0.885381 
3 0.015138 0.086537 -0.996134 -0.260374 0.249296 -0.932768 
4 0.171094 -0.973811 -0.149727 0.909026 0.174080 -0.378640 
1 0.156273 0.554835 -0.817152 0.501209 0.247524 -0.829169 
2 -0.252775 -0.003259 -0.967520 -0.476155 0.161752 -0.864357 
3 0.014625 0.107646 -0.994082 -0.251342 0.246983 -0.935856 
4 0.189929 -0.971656 -0.140752 0.921729 0.214994 -0.322790 
1 0.193224 0.538690 -0.820047 0.509431 0.244687 -0.824990 
2 -0.264575 -0.091569 -0.960008 -0.531536 0.136441 -0.835974 
3 0.006223 0.094884 -0.995469 -0.277724 0.172319 -0.945080 
4 0.186906 -0.969437 -0.158927 0.899697 0.229406 -0.371374 
1 0.192625 0.539620 -0.819576 0.541750 0.237951 -0.806155 
2 -0.209604 -0.025674 -0.977449 -0.496236 0.116025 -0.860400 
3 -0.022659 0.160567 -0.986765 -0.301224 0.269524 -0.914670 
4 0.170977 -0.971806 -0.162360 0.894391 0.224447 -0.386897 
1 0.180684 0.538244 -0.823193 0.507700 0.261496 -0.820890 
2 -0.217176 0.040670 -0.975285 -0.044546 -0.868475 -0.493727 
3 -0.015340 0.146364 -0.989112 -0.339772 0.199961 -0.919005 
4 0.168731 -0.974234 -0.149657 0.917796 0.204302 -0.340457 
1 0.175406 0.544105 -0.820477 0.500935 0.263771 -0.824311 
2 -0.217176 0.040670 -0.975285 -0.044546 -0.868475 -0.493727 
3 -0.013782 0.139806 -0.990083 -0.334117 0.206824 -0.919559 
4 0.168731 -0.974234 -0.149657 0.917796 0.204302 -0.340457 
1 0.180684 0.538244 -0.823193 0.507700 0.261496 -0.820890 
2 -0.217176 0.040670 -0.975285 -0.044546 -0.868475 -0.493727 
3 -0.005764 0.133349 -0.991052 -0.321944 0.207509 -0.923738 
4 0.168731 -0.974234 -0.149657 0.917796 0.204302 -0.340457 
1 0.180684 0.538244 -0.823193 0.507700 0.261496 -0.820890 
2 -0.217176 0.040670 -0.975285 -0.044546 -0.868475 -0.493727 
3 -0.015340 0.146364 -0.989112 -0.339772 0.199961 -0.919005 
4 0.168342 -0.974598 -0.147712 0.920521 0.202641 -0.334032 
1 0.175406 0.544105 -0.820477 0.500935 0.263771 -0.824311 
2 -0.217176 0.040670 -0.975285 -0.044546 -0.868475 -0.493727 
3 -0.007147 0.140295 -0.990084 -0.327539 0.200857 -0.923242 
4 0.168342 -0.974598 -0.147712 0.920521 0.202641 -0.334032 
1 0.175406 0.544105 -0.820477 0.500935 0.263771 -0.824311 
2 0.049792 -0.973192 -0.224538 0.503211 -0.028175 -0.863704 
3 -0.015340 0.146364 -0.989112 -0.339772 0.199961 -0.919005 
4 0.168342 -0.974598 -0.147712 0.920521 0.202641 -0.334032 
