nx	ny	nz	n2x	n2y	n2z	class_view
c	c	c	c	c	c	d
						class
0.805853	-0.556251	-0.202942	0.801659	-0.476116	-0.361464	window
-0.974633	-0.127442	-0.183979	-0.983034	-0.111113	-0.145939	robot
0.119534	-0.295368	-0.947876	-0.205968	-0.065618	-0.976356	vent
0.819495	-0.571831	-0.037919	-0.433045	0.349092	-0.831028	window
-0.352172	-0.658373	-0.665222	-0.745120	0.240279	-0.622143	window
0.828231	-0.531543	-0.177471	-0.810501	0.472607	-0.346021	robot
-0.951697	-0.137616	-0.274470	-0.966273	-0.107083	-0.234201	robot
-0.129670	0.376515	-0.917291	-0.168278	-0.225646	-0.959566	vent
0.806733	-0.587820	-0.060407	0.825641	-0.429507	-0.365843	vent
-0.390522	-0.646507	-0.655378	-0.617371	0.283287	-0.733895	robot
0.836351	-0.532280	-0.131129	0.816532	-0.492990	-0.300395	vent
-0.921906	-0.161181	-0.352294	-0.935842	-0.141429	-0.322796	vent
-0.167039	0.621878	-0.765092	0.278241	0.427504	-0.860129	robot
0.121943	0.519333	-0.845827	-0.268869	0.348548	-0.897900	eachother
-0.445891	-0.606743	-0.658061	-0.692951	-0.649310	-0.313395	vent
0.821259	-0.565304	-0.077242	-0.800850	0.545832	-0.246385	vent
-0.920949	0.158179	-0.356135	-0.935091	-0.175368	-0.307980	vent
-0.600523	-0.740590	-0.301495	0.357727	-0.707224	-0.609809	vent
0.839620	-0.540845	-0.050256	-0.377063	0.276843	-0.883844	vent
-0.423280	-0.604057	-0.675240	-0.679144	-0.660167	-0.320846	vent
0.796872	-0.550728	-0.248382	0.771667	-0.535767	-0.342760	vent
-0.157620	-0.306563	-0.938709	-0.972204	0.136686	-0.190096	vent
-0.529573	-0.709628	-0.464737	0.399303	-0.671089	-0.624657	vent
0.830823	-0.555376	-0.035933	0.844009	-0.366696	-0.391386	vent
-0.514675	0.523847	-0.678744	-0.781111	-0.519814	-0.345918	vent
0.792768	-0.568565	-0.219667	0.792456	-0.543404	-0.276996	eachother
-0.127014	-0.273981	-0.953311	-0.982358	0.106921	-0.153428	vent
-0.419806	-0.568208	-0.707744	0.484508	-0.681167	-0.548875	vent
0.811629	-0.583872	-0.018740	-0.457051	0.289746	-0.840923	vent
-0.501429	0.549582	-0.668228	-0.791648	-0.515818	-0.327452	vent
0.830482	-0.555669	-0.039127	-0.839139	0.543909	-0.002978	robot
-0.972542	0.113346	-0.203261	0.989580	-0.092241	-0.110560	vent
-0.584844	-0.720873	-0.371886	0.453004	-0.710922	-0.537939	vent
0.922948	-0.378185	-0.071710	-0.912553	0.353109	-0.206301	robot
-0.522400	-0.506388	-0.686054	-0.771497	-0.557626	-0.306342	vent
0.824152	-0.531843	-0.194721	0.822701	-0.539144	-0.180243	robot
-0.959985	0.123820	-0.251192	-0.980058	-0.106689	-0.167644	vent
-0.656779	-0.701410	-0.276883	0.468844	-0.741575	-0.479846	vent
-0.095546	0.011716	-0.995356	-0.033611	-0.011970	-0.999363	vent
-0.475575	-0.528934	-0.702892	-0.711772	-0.590473	-0.380424	vent
0.818414	-0.521576	-0.241156	0.809829	-0.532067	-0.247147	robot
-0.944939	-0.149863	-0.290914	-0.963861	-0.128146	-0.233563	vent
-0.141151	0.649794	-0.746889	0.429328	0.357232	-0.829496	vent
0.104481	-0.077958	-0.991467	-0.059068	-0.099602	-0.993273	vent
-0.455114	-0.560413	-0.691960	-0.709292	0.334536	-0.620476	eachother
0.800146	-0.544329	-0.251937	0.794596	-0.514043	-0.323075	vent
-0.961475	-0.155739	-0.226521	-0.976529	-0.126075	-0.174633	vent
-0.045069	0.538580	-0.841368	0.376719	0.216283	-0.900724	robot
0.089036	0.009064	-0.995987	-0.069968	0.055571	-0.996000	vent
-0.395626	-0.611817	-0.684952	-0.703250	0.262097	-0.660867	robot
0.797880	-0.511331	-0.319263	-0.782107	0.437561	-0.443676	vent
-0.956903	-0.169865	-0.235549	-0.976817	-0.137905	-0.163739	vent
-0.033837	0.478476	-0.877449	0.374809	0.121438	-0.919114	robot
0.110744	0.053292	-0.992419	-0.033843	0.050356	-0.998158	vent
-0.405355	-0.605085	-0.685244	-0.684173	0.241220	-0.688273	robot
0.801357	-0.508707	-0.314712	0.758352	-0.505014	-0.412144	vent
-0.957153	-0.161240	-0.240541	-0.976403	-0.129725	-0.172652	vent
-0.065264	0.442535	-0.894373	-0.299247	-0.161935	-0.940334	robot
0.124527	0.007131	-0.992191	-0.054600	0.050012	-0.997255	vent
-0.496690	-0.574153	-0.650882	-0.719867	0.287661	-0.631698	robot
0.791296	-0.527206	-0.309684	0.752353	-0.530135	-0.391052	vent
-0.954110	-0.149990	-0.259185	-0.974784	-0.119287	-0.188592	vent
-0.060436	0.414097	-0.908224	-0.269338	-0.160274	-0.949615	vent
0.114377	0.053663	-0.991987	-0.041947	0.083173	-0.995652	vent
-0.498544	-0.575840	-0.647967	-0.739532	0.296835	-0.604137	robot
0.774658	-0.556015	-0.301251	0.773619	-0.515013	-0.369155	robot
0.955551	-0.148152	-0.254899	-0.975609	-0.122397	-0.182228	vent
-0.068992	0.470502	-0.879697	0.313593	0.238773	-0.919047	vent
0.119574	0.062115	-0.990880	-0.031616	0.109898	-0.993440	vent
-0.478014	-0.575317	-0.663711	-0.729343	0.305460	-0.612171	robot
0.791650	-0.592225	-0.150199	0.798811	-0.587512	-0.129350	robot
0.955271	-0.150622	-0.254500	-0.975824	-0.121957	-0.181367	vent
-0.046976	0.434384	-0.899502	-0.310144	-0.165161	-0.936233	vent
0.091079	0.057327	-0.994192	-0.078349	0.080953	-0.993634	robot
-0.480612	-0.589685	-0.649064	-0.728823	0.281615	-0.624107	robot
0.747561	-0.615232	-0.250285	0.759920	-0.574514	-0.304063	robot
0.957450	-0.145709	-0.249114	-0.976486	-0.117757	-0.180577	vent
-0.066458	0.411144	-0.909145	-0.262097	-0.170092	-0.949934	vent
0.086514	0.021648	-0.996015	-0.140593	0.105931	-0.984384	robot
-0.475936	-0.571352	-0.668612	-0.727805	0.309812	-0.611814	robot
0.746912	-0.626446	-0.222908	0.742314	-0.573414	-0.346650	robot
-0.955827	-0.155370	-0.249510	-0.974007	-0.127236	-0.187404	robot
-0.072327	0.382078	-0.921295	-0.248528	-0.166912	-0.954135	vent
0.044023	0.021206	-0.998805	-0.158208	0.067331	-0.985108	robot
-0.443967	-0.592447	-0.672235	-0.707982	0.290497	-0.643718	robot
0.748000	-0.616833	-0.244974	0.749574	-0.550359	-0.367755	robot
-0.958185	-0.156342	-0.239664	-0.974043	-0.126757	-0.187547	vent
-0.070264	0.384332	-0.920517	-0.260789	-0.157578	-0.952448	vent
0.044050	0.046240	-0.997959	-0.210203	0.088310	-0.973661	robot
-0.458274	-0.573148	-0.679328	-0.716154	0.275474	-0.641278	robot
-0.634521	0.631149	-0.446133	-0.676828	-0.347329	-0.649051	robot
0.972598	-0.140812	-0.185000	-0.985257	-0.124788	-0.117032	vent
-0.079858	0.385869	-0.919091	-0.264519	-0.139483	-0.954240	vent
0.014337	0.080967	-0.996614	-0.247584	0.118729	-0.961564	robot
-0.444365	-0.571243	-0.690088	-0.718297	0.333504	-0.610594	robot
-0.624738	0.631409	-0.459374	0.214129	0.198861	-0.956349	robot
0.967103	-0.138264	-0.213532	-0.983612	-0.122077	-0.132681	vent
-0.116689	0.479127	-0.869954	0.254995	0.181783	-0.949701	vent
0.008598	0.077811	-0.996931	-0.233065	0.078425	-0.969294	robot
-0.465969	-0.552996	-0.690702	-0.727578	0.345372	-0.592747	robot
0.716560	-0.622831	-0.314043	0.739005	-0.574691	-0.351571	robot
0.951961	-0.169568	-0.254984	-0.974702	-0.150215	-0.165504	vent
-0.101067	0.418960	-0.902362	0.285774	0.150451	-0.946413	vent
-0.002910	0.051262	-0.998681	-0.261456	0.069046	-0.962743	robot
-0.417961	-0.566213	-0.710430	-0.700125	0.342444	-0.626543	vent
-0.617021	0.648383	-0.445965	-0.856531	-0.471549	-0.209751	robot
0.968498	-0.164538	-0.186920	-0.983329	-0.146388	-0.107862	robot
-0.063669	0.399355	-0.914583	-0.295669	-0.041084	-0.954407	robot
-0.007363	0.061086	-0.998105	-0.258347	0.083588	-0.962429	robot
0.674203	-0.706933	-0.213764	-0.556692	-0.729101	-0.398127	vent
-0.624605	0.640054	-0.447436	0.239785	-0.324506	-0.914986	robot
0.970701	-0.157786	-0.181229	-0.984723	-0.142811	-0.099624	robot
-0.055407	0.405331	-0.912490	-0.318126	-0.099234	-0.942841	robot
-0.029114	-0.141273	-0.989542	-0.253912	0.100769	-0.961964	robot
0.056404	0.159527	-0.985581	0.029077	-0.435751	-0.899598	vent
-0.623055	0.642266	-0.446426	0.216574	-0.065391	-0.974074	robot
-0.968601	0.154261	-0.194976	-0.984221	-0.139429	-0.108941	window
-0.089482	0.686573	-0.721534	-0.308020	-0.063555	-0.949255	robot
0.176854	0.462102	-0.869013	-0.286865	-0.114501	-0.951104	robot
0.045543	-0.041161	-0.998114	-0.036030	0.174147	-0.984060	robot
-0.599164	0.646070	-0.472859	-0.238719	-0.099814	-0.965945	robot
0.971625	-0.147427	-0.184960	-0.985787	-0.130303	-0.106041	window
-0.092856	0.692159	-0.715747	-0.341483	0.005399	-0.939872	robot
0.189807	0.472591	-0.860599	-0.317085	-0.057470	-0.946654	robot
0.062597	-0.099947	-0.993022	0.042457	-0.428541	-0.902524	robot
-0.580378	0.650139	-0.490389	-0.263222	-0.145004	-0.953776	robot
0.972111	-0.146929	-0.182789	-0.985405	-0.130788	-0.108954	robot
-0.072359	0.446705	-0.891751	-0.340477	-0.007751	-0.940221	robot
0.161675	0.461362	-0.872357	-0.280495	0.007465	-0.959826	robot
0.084246	-0.010862	-0.996386	-0.003620	0.278018	-0.960569	robot
-0.574682	0.662988	-0.479780	-0.207333	-0.164699	-0.964307	robot
0.974823	-0.145882	-0.168635	-0.986417	-0.131793	-0.098042	robot
0.023886	0.299278	-0.953867	-0.306254	-0.082148	-0.948399	robot
0.166943	0.480295	-0.861073	-0.302215	0.038747	-0.952452	robot
0.028477	-0.181573	-0.982965	-0.101437	0.331445	-0.938006	robot
-0.543377	0.667234	-0.509450	-0.265694	-0.118486	-0.956749	robot
0.979529	-0.136285	-0.148151	-0.987926	-0.126909	-0.088866	robot
0.036659	0.328654	-0.943739	-0.399698	-0.084993	-0.912698	robot
0.105611	0.479808	-0.870994	-0.274923	-0.133515	-0.952151	robot
0.016763	-0.116204	-0.993084	-0.132878	0.300551	-0.944464	robot
-0.590774	0.663445	-0.459159	-0.242268	-0.103724	-0.964649	robot
0.981302	-0.140188	-0.131888	-0.987527	-0.132423	-0.085177	robot
0.040455	0.312247	-0.949139	-0.413703	-0.069322	-0.907769	robot
-0.019439	-0.118935	-0.992712	-0.299495	0.091464	-0.949704	robot
0.082319	0.127247	-0.988449	0.074655	-0.525922	-0.847250	robot
-0.583609	0.659744	-0.473433	-0.254865	-0.147825	-0.955611	robot
0.983593	-0.129485	-0.125611	-0.989155	-0.120439	-0.084070	robot
0.008904	0.353101	-0.935543	-0.396588	-0.084404	-0.914108	robot
0.026027	-0.036445	-0.998997	-0.254533	0.039580	-0.966254	eachother
-0.030265	-0.362956	-0.931315	0.748443	0.585806	-0.310907	robot
-0.583609	0.659744	-0.473433	-0.254865	-0.147825	-0.955611	robot
0.983593	-0.129485	-0.125611	-0.989155	-0.120439	-0.084070	robot
0.008904	0.353101	-0.935543	-0.396588	-0.084404	-0.914108	robot
0.023780	-0.053459	-0.998287	-0.258169	0.016614	-0.965957	robot
-0.030265	-0.362956	-0.931315	0.748443	0.585806	-0.310907	robot
-0.588374	0.659295	-0.468130	-0.244842	-0.147136	-0.958333	robot
0.983615	-0.129766	-0.125152	-0.989283	-0.119875	-0.083365	robot
0.008904	0.353101	-0.935543	-0.396588	-0.084404	-0.914108	robot
0.023780	-0.053459	-0.998287	-0.258169	0.016614	-0.965957	robot
-0.030265	-0.362956	-0.931315	0.748443	0.585806	-0.310907	eachother
-0.583609	0.659744	-0.473433	-0.254865	-0.147825	-0.955611	robot
0.983615	-0.129766	-0.125152	-0.989283	-0.119875	-0.083365	robot
0.011620	0.356750	-0.934127	-0.409173	-0.078126	-0.909106	robot
0.026027	-0.036445	-0.998997	-0.254533	0.039580	-0.966254	robot
-0.030265	-0.362956	-0.931315	0.748443	0.585806	-0.310907	robot
-0.588374	0.659295	-0.468130	-0.244842	-0.147136	-0.958333	robot
0.983593	-0.129485	-0.125611	-0.989155	-0.120439	-0.084070	robot
0.008671	0.343572	-0.939086	-0.408902	-0.061197	-0.910524	robot
0.030721	-0.037199	-0.998836	-0.245399	0.041298	-0.968542	robot
-0.030397	-0.350583	-0.936038	0.751099	0.588200	-0.299786	robot
-0.583609	0.659744	-0.473433	-0.254865	-0.147825	-0.955611	robot
0.983604	-0.129159	-0.125861	-0.989016	-0.120966	-0.084942	robot
0.008671	0.343572	-0.939086	-0.408902	-0.061197	-0.910524	robot
0.030721	-0.037199	-0.998836	-0.245399	0.041298	-0.968542	robot
-0.030397	-0.350583	-0.936038	0.751099	0.588200	-0.299786	robot
0.168890	0.447388	-0.878248	0.471919	0.145283	-0.869589	robot
-0.259994	-0.054868	-0.964050	0.022130	-0.886158	-0.462854	window
-0.972081	0.205230	-0.113751	0.479626	0.023168	-0.877167	window
-0.900181	0.391633	-0.190522	-0.486189	0.197326	-0.851283	window
-0.025260	-0.057411	-0.998031	0.461014	-0.745596	-0.481200	robot
0.320351	0.388499	-0.863970	0.513021	0.086140	-0.854043	window
0.164491	-0.986378	-0.001213	0.931959	0.123562	-0.340859	window
-0.041932	-0.151600	-0.987552	-0.982779	0.161453	-0.089881	window
-0.516811	-0.827331	-0.220069	-0.657225	0.621968	-0.425688	window
0.321279	0.340337	-0.883714	-0.504318	-0.023288	-0.863204	window
0.984338	0.174193	-0.027120	0.912183	0.161049	-0.376809	window
-0.052000	-0.084337	-0.995080	-0.990657	0.108557	-0.082551	robot
-0.587234	-0.807672	-0.053126	-0.538872	0.733219	-0.414737	vent
0.306927	0.294526	-0.905014	-0.515161	0.037341	-0.856280	robot
0.009539	0.066643	-0.997731	-0.236092	0.220702	-0.946336	window
-0.010855	-0.013462	-0.999850	-0.099269	0.059004	-0.993310	robot
-0.512293	-0.858280	-0.030193	-0.666256	-0.605877	-0.434760	robot
-0.268691	-0.144522	-0.952323	-0.459480	0.088820	-0.883736	vent
0.024414	0.056619	-0.998097	-0.195717	0.208830	-0.958168	window
-0.107365	-0.110954	-0.988009	-0.259052	0.060057	-0.963994	robot
-0.526214	-0.847853	-0.065148	0.651002	0.620731	-0.436908	robot
0.265433	0.185468	-0.946122	-0.494145	0.094721	-0.864204	robot
0.021440	0.090844	-0.995634	-0.195413	0.290675	-0.936655	robot
-0.011600	-0.201086	-0.979505	-0.157302	-0.104547	-0.982001	robot
-0.538504	-0.838585	-0.082389	-0.714291	-0.530155	-0.456863	vent
-0.218741	-0.106501	-0.969954	-0.447461	0.091719	-0.889588	vent
0.059768	0.032120	-0.997695	-0.169947	0.205128	-0.963867	robot
0.001531	-0.152040	-0.988373	-0.133383	-0.078160	-0.987978	robot
-0.526376	-0.849635	-0.032381	0.660395	0.640078	-0.392655	vent
-0.248004	-0.022808	-0.968490	-0.525622	0.053825	-0.849014	vent
0.126882	0.004260	-0.991909	-0.081608	0.220621	-0.971940	vent
0.026485	-0.028553	-0.999241	-0.077501	0.032209	-0.996472	vent
-0.521608	-0.850273	-0.070440	-0.678776	-0.626701	-0.382764	vent
-0.215075	0.062611	-0.974589	-0.514942	0.114151	-0.849590	vent
0.088303	-0.007371	-0.996066	-0.123120	0.197692	-0.972502	robot
-0.012803	0.039432	-0.999140	-0.170019	0.069873	-0.982960	vent
-0.527400	-0.844192	-0.095858	-0.674443	-0.636736	-0.373757	vent
-0.237318	-0.034179	-0.970831	-0.502781	0.064628	-0.861994	vent
0.018400	0.048053	-0.998675	-0.198185	0.186184	-0.962319	vent
-0.020578	0.129135	-0.991413	-0.186563	0.164310	-0.968605	vent
-0.502098	-0.862885	-0.057679	0.636364	0.692305	-0.340227	vent
-0.246335	-0.008129	-0.969151	-0.462613	0.069148	-0.883860	vent
0.036970	0.063436	-0.997301	-0.171997	0.194082	-0.965789	vent
0.128439	-0.991680	-0.008575	-0.224937	0.154557	-0.962037	vent
-0.527835	-0.849216	-0.014903	0.663761	0.636092	-0.393456	vent
-0.276728	0.027642	-0.960551	-0.490940	-0.004624	-0.871181	vent
0.080311	0.051235	-0.995452	-0.114143	0.164755	-0.979708	vent
0.005016	0.114947	-0.993359	-0.182739	0.142782	-0.972738	vent
-0.533130	-0.839027	-0.108658	-0.558789	0.687735	-0.463439	vent
0.222282	-0.622974	-0.749996	0.562146	0.210450	-0.799814	vent
0.064603	0.028480	-0.997505	-0.155948	0.204851	-0.966290	vent
-0.000023	0.107183	-0.994239	-0.166356	0.163009	-0.972499	vent
-0.502571	-0.845198	-0.181828	0.621677	-0.626410	-0.470242	vent
0.188089	-0.671481	-0.716753	-0.551073	0.172146	-0.816508	vent
0.053707	0.078479	-0.995468	-0.140464	0.313647	-0.939093	vent
-0.007629	0.094060	-0.995537	-0.170375	0.162186	-0.971940	vent
-0.512602	-0.850343	-0.118978	0.580807	-0.630680	-0.514690	vent
0.120560	-0.606969	-0.785528	0.431113	-0.558483	-0.708687	vent
0.019962	0.086803	-0.996025	-0.196745	0.304713	-0.931902	vent
-0.043064	0.089745	-0.995033	-0.229219	0.142900	-0.962828	vent
-0.523778	-0.836992	-0.158429	0.619806	-0.655885	-0.430878	robot
0.138064	-0.523633	-0.840682	0.336498	-0.490380	-0.803926	window
0.017475	0.082332	-0.996452	-0.194015	0.239573	-0.951295	vent
-0.037600	0.105084	-0.993752	-0.243109	0.148828	-0.958513	vent
-0.515968	-0.847788	-0.122610	0.579586	-0.638971	-0.505763	robot
0.160749	-0.438148	-0.884413	-0.410216	0.408462	-0.815403	robot
0.037495	0.014497	-0.999192	-0.194233	0.184832	-0.963385	vent
0.044728	0.040979	-0.998158	-0.218093	0.196382	-0.955965	vent
-0.601667	-0.782622	-0.159683	0.476079	-0.748836	-0.461078	robot
-0.208221	0.349415	-0.913539	-0.428151	0.316592	-0.846437	robot
0.061285	0.026655	-0.997764	-0.134956	0.198392	-0.970787	vent
-0.088666	0.087075	-0.992248	-0.208551	0.156103	-0.965473	robot
0.206296	-0.720400	-0.662167	0.482520	0.378929	-0.789675	robot
-0.234986	0.284662	-0.929381	-0.443738	0.243100	-0.862554	robot
0.055164	0.041893	-0.997598	-0.139880	0.256853	-0.956274	vent
0.151147	-0.982930	-0.104899	0.951978	0.201133	-0.230831	robot
-0.118932	-0.163274	-0.979386	-0.440928	-0.031726	-0.896982	robot
-0.257476	0.191108	-0.947198	-0.445962	0.206218	-0.870972	robot
0.037635	0.014290	-0.999189	-0.181787	0.187513	-0.965294	vent
0.156240	-0.979586	-0.126494	0.927369	0.191602	-0.321366	robot
0.168180	0.519511	-0.837749	0.482823	0.233888	-0.843907	robot
-0.236305	0.102903	-0.966215	-0.457886	0.105554	-0.882722	robot
0.024019	0.014220	-0.999610	-0.234402	0.191987	-0.952994	vent
0.170700	-0.973765	-0.150476	0.904411	0.215810	-0.368058	robot
0.170980	0.540891	-0.823531	0.469322	0.229530	-0.852674	robot
-0.254525	0.012184	-0.966989	-0.440320	0.062309	-0.895676	robot
0.035252	0.055680	-0.997826	-0.198567	0.235059	-0.951482	vent
0.153371	-0.977250	-0.146494	0.918145	0.198267	-0.343073	robot
0.139034	0.543897	-0.827554	0.453054	0.265213	-0.851119	robot
-0.249821	0.032198	-0.967757	-0.467967	0.090086	-0.879142	robot
-0.006440	0.059734	-0.998194	-0.259901	0.244652	-0.934129	vent
0.166680	-0.975818	-0.141411	0.916704	0.221979	-0.332234	robot
0.195998	0.549478	-0.812194	0.496326	0.291004	-0.817910	robot
-0.262301	0.008688	-0.964947	-0.474767	0.089520	-0.875547	robot
-0.012865	0.097666	-0.995136	-0.252020	0.326934	-0.910824	vent
0.160598	-0.975440	-0.150747	0.916740	0.206791	-0.341796	robot
0.197744	0.538416	-0.819149	0.521182	0.243187	-0.818065	robot
-0.257032	-0.041826	-0.965497	-0.450226	0.100902	-0.887195	vent
-0.011428	0.116163	-0.993164	-0.250795	0.267874	-0.930239	vent
0.194594	-0.970396	-0.143058	0.922176	0.223095	-0.315942	robot
0.175010	0.560062	-0.809754	0.490431	0.277136	-0.826240	robot
-0.246818	-0.050117	-0.967765	-0.441366	0.145932	-0.885381	vent
0.015138	0.086537	-0.996134	-0.260374	0.249296	-0.932768	vent
0.171094	-0.973811	-0.149727	0.909026	0.174080	-0.378640	robot
0.156273	0.554835	-0.817152	0.501209	0.247524	-0.829169	robot
-0.252775	-0.003259	-0.967520	-0.476155	0.161752	-0.864357	vent
0.014625	0.107646	-0.994082	-0.251342	0.246983	-0.935856	vent
0.189929	-0.971656	-0.140752	0.921729	0.214994	-0.322790	robot
0.193224	0.538690	-0.820047	0.509431	0.244687	-0.824990	robot
-0.264575	-0.091569	-0.960008	-0.531536	0.136441	-0.835974	vent
0.006223	0.094884	-0.995469	-0.277724	0.172319	-0.945080	vent
0.186906	-0.969437	-0.158927	0.899697	0.229406	-0.371374	robot
0.192625	0.539620	-0.819576	0.541750	0.237951	-0.806155	robot
-0.209604	-0.025674	-0.977449	-0.496236	0.116025	-0.860400	vent
-0.022659	0.160567	-0.986765	-0.301224	0.269524	-0.914670	vent
0.170977	-0.971806	-0.162360	0.894391	0.224447	-0.386897	robot
0.180684	0.538244	-0.823193	0.507700	0.261496	-0.820890	robot
-0.217176	0.040670	-0.975285	-0.044546	-0.868475	-0.493727	window
-0.015340	0.146364	-0.989112	-0.339772	0.199961	-0.919005	robot
0.168731	-0.974234	-0.149657	0.917796	0.204302	-0.340457	robot
0.175406	0.544105	-0.820477	0.500935	0.263771	-0.824311	robot
-0.217176	0.040670	-0.975285	-0.044546	-0.868475	-0.493727	window
-0.013782	0.139806	-0.990083	-0.334117	0.206824	-0.919559	robot
0.168731	-0.974234	-0.149657	0.917796	0.204302	-0.340457	robot
0.180684	0.538244	-0.823193	0.507700	0.261496	-0.820890	robot
-0.217176	0.040670	-0.975285	-0.044546	-0.868475	-0.493727	window
-0.005764	0.133349	-0.991052	-0.321944	0.207509	-0.923738	robot
0.168731	-0.974234	-0.149657	0.917796	0.204302	-0.340457	robot
0.180684	0.538244	-0.823193	0.507700	0.261496	-0.820890	robot
-0.217176	0.040670	-0.975285	-0.044546	-0.868475	-0.493727	robot
-0.015340	0.146364	-0.989112	-0.339772	0.199961	-0.919005	robot
0.168342	-0.974598	-0.147712	0.920521	0.202641	-0.334032	robot
0.175406	0.544105	-0.820477	0.500935	0.263771	-0.824311	robot
-0.217176	0.040670	-0.975285	-0.044546	-0.868475	-0.493727	vent
-0.007147	0.140295	-0.990084	-0.327539	0.200857	-0.923242	robot
0.168342	-0.974598	-0.147712	0.920521	0.202641	-0.334032	robot
0.175406	0.544105	-0.820477	0.500935	0.263771	-0.824311	robot
0.049792	-0.973192	-0.224538	0.503211	-0.028175	-0.863704	robot
-0.015340	0.146364	-0.989112	-0.339772	0.199961	-0.919005	robot
0.168342	-0.974598	-0.147712	0.920521	0.202641	-0.334032	robot
0.294257	0.261154	-0.919354	0.532102	0.044547	-0.845508	robot
-0.287340	-0.055507	-0.956219	-0.493820	0.029907	-0.869050	robot
-0.256291	0.130084	-0.957806	-0.412017	0.101313	-0.905526	robot
0.629350	0.577581	-0.519923	0.723156	0.360620	-0.589066	robot
0.260120	0.272278	-0.926392	0.472463	0.092136	-0.876521	robot
-0.274313	-0.141124	-0.951229	-0.459210	-0.003626	-0.888320	robot
0.227308	-0.277952	-0.933313	-0.441567	0.262225	-0.858054	robot
0.445358	0.723572	-0.527352	-0.135550	0.990189	-0.033926	robot
0.190699	0.300326	-0.934579	0.355507	0.084289	-0.930865	robot
-0.722079	-0.636431	-0.271215	0.704825	-0.621840	-0.341374	robot
0.159509	0.320790	-0.933622	0.365284	0.135086	-0.921043	robot
0.510659	0.258385	-0.820039	-0.631710	0.406125	-0.660307	robot
0.183362	0.278148	-0.942874	-0.355242	-0.071287	-0.932052	robot
0.870986	0.435273	-0.227861	0.567073	-0.821356	-0.061664	robot
0.190449	0.412825	-0.890677	0.463109	0.172455	-0.869361	robot
-0.601250	0.212797	-0.770205	0.625981	-0.679297	-0.383018	robot
0.202463	0.281602	-0.937928	-0.373480	-0.068594	-0.925099	vent
-0.339207	-0.140465	-0.930166	-0.559078	0.020549	-0.828860	vent
0.169205	0.366665	-0.914837	0.439001	0.135106	-0.888270	vent
-0.359221	-0.331486	-0.872397	-0.153074	0.560133	-0.814137	vent
0.187960	0.265388	-0.945643	-0.377712	-0.031266	-0.925395	vent
-0.424459	0.354026	-0.833367	0.490894	0.038844	-0.870353	vent
0.159816	0.302204	-0.939751	0.400633	0.135820	-0.906116	vent
-0.236575	-0.092210	-0.967228	-0.295634	0.153578	-0.942876	vent
0.213451	0.255236	-0.943024	-0.426927	-0.008291	-0.904248	vent
-0.565661	-0.727279	-0.388707	-0.591094	0.037000	-0.805754	vent
0.182141	0.219096	-0.958552	-0.395649	0.014303	-0.918290	vent
0.368552	0.259078	-0.892776	0.506509	-0.024389	-0.861889	vent
0.212606	0.240606	-0.947052	-0.377824	-0.019579	-0.925670	vent
-0.187345	-0.944560	-0.269644	0.020486	0.458866	-0.888269	vent
0.159445	0.315278	-0.935509	0.399306	0.112471	-0.909893	vent
-0.305044	0.072125	-0.949603	-0.364196	0.328296	-0.871541	vent
0.209876	0.235720	-0.948888	-0.376356	0.000535	-0.926475	vent
0.291880	-0.177891	-0.939766	-0.038888	0.500322	-0.864966	robot
-0.236728	-0.140283	-0.961395	0.429236	0.098918	-0.897759	vent
-0.283935	0.195422	-0.938718	-0.359954	0.356258	-0.862272	vent
0.204318	0.215393	-0.954914	-0.383622	0.006200	-0.923469	robot
0.099217	-0.953467	-0.284704	0.025325	-0.858830	-0.511634	robot
-0.888137	0.329717	-0.320155	0.523208	-0.092763	-0.847141	vent
0.244503	-0.352522	-0.903298	0.323604	-0.472580	-0.819725	vent
0.208592	0.209216	-0.955363	-0.372179	-0.024215	-0.927845	robot
-0.300821	0.099372	-0.948489	-0.536400	0.051720	-0.842378	robot
-0.450992	0.432489	-0.780743	-0.578734	0.171508	-0.797278	vent
0.834540	0.454067	-0.312034	0.768587	0.454241	-0.450487	vent
-0.211445	-0.195253	-0.957688	-0.371100	0.005376	-0.928577	vent
-0.275888	0.069617	-0.958665	-0.505768	0.011206	-0.862597	robot
-0.381767	0.382465	-0.841412	-0.553816	0.130193	-0.822397	vent
0.803380	0.453941	-0.385380	0.787960	0.333681	-0.517471	vent
-0.206352	-0.191104	-0.959634	-0.357522	0.012444	-0.933822	vent
-0.273722	0.036301	-0.961123	-0.504785	-0.019329	-0.863029	robot
-0.257012	-0.917084	-0.304797	-0.109297	-0.848930	-0.517080	robot
0.786518	0.479184	-0.389579	0.768931	0.389735	-0.506806	vent
-0.208916	-0.195867	-0.958118	-0.380910	0.043911	-0.923569	vent
-0.288427	0.005706	-0.957485	-0.552838	0.036705	-0.832480	robot
0.226670	-0.927673	-0.296722	0.160168	-0.830864	-0.532927	window
0.789047	0.484689	-0.377466	0.782029	0.369967	-0.501553	vent
-0.196242	-0.180489	-0.963801	-0.361090	0.039079	-0.931712	vent
0.281491	-0.021019	-0.959334	-0.512246	0.025520	-0.858460	robot
0.253749	-0.933616	-0.252929	0.176390	-0.847794	-0.500133	window
0.785809	0.469810	-0.402222	0.780007	0.328611	-0.532545	robot
0.195113	0.217206	-0.956427	-0.351822	0.033579	-0.935464	vent
-0.280898	-0.012136	-0.959661	-0.511482	-0.030772	-0.858743	robot
-0.907170	0.323037	-0.269611	-0.165604	-0.832127	-0.529283	robot
-0.785081	0.455856	-0.419337	0.795606	0.292593	-0.530472	robot
0.185704	0.239301	-0.953021	-0.362675	0.002081	-0.931913	vent
-0.280517	0.051333	-0.958475	-0.508799	0.050010	-0.859432	robot
-0.879419	0.379372	-0.287573	-0.824593	0.206180	-0.526817	robot
-0.785606	0.462825	-0.410628	0.793783	0.295902	-0.531367	robot
0.188331	0.222010	-0.956683	-0.362203	0.014665	-0.931984	vent
-0.286510	0.052345	-0.956646	-0.495780	0.039932	-0.867530	robot
-0.867951	0.385555	-0.313062	0.176551	-0.806993	-0.563552	robot
0.786009	0.458681	-0.414490	0.788416	0.328280	-0.520224	robot
0.205933	0.215830	-0.954468	-0.389404	0.057644	-0.919262	vent
-0.272191	0.024414	-0.961933	-0.474842	-0.016939	-0.879908	robot
-0.862402	0.409628	-0.297434	0.803415	0.231294	-0.548659	robot
0.774304	0.468905	-0.424950	0.751475	0.356814	-0.554949	robot
0.183952	0.231263	-0.955342	-0.353957	0.020031	-0.935047	vent
-0.274415	0.056549	-0.959947	-0.472249	0.024143	-0.881135	robot
0.878045	0.379561	-0.291497	0.812530	0.194686	-0.549448	robot
-0.788176	0.441187	-0.429107	0.213822	-0.801752	-0.558098	robot
0.176814	0.247973	-0.952495	-0.330096	-0.039261	-0.943130	vent
-0.272104	0.055739	-0.960652	-0.473973	0.037474	-0.879742	robot
0.872077	0.395524	-0.288171	0.811575	0.260432	-0.522992	robot
-0.774624	0.444160	-0.450199	0.799047	0.243395	-0.549802	robot
0.151428	0.257080	-0.954452	-0.283881	-0.055224	-0.957268	vent
-0.275128	0.036599	-0.960711	-0.485821	-0.022201	-0.873776	robot
0.884620	0.349792	-0.308373	0.130851	-0.814910	-0.564624	robot
-0.773534	0.455280	-0.440869	0.792438	0.256503	-0.553397	robot
0.180371	0.285617	-0.941217	-0.363218	-0.022085	-0.931442	vent
-0.286934	0.036787	-0.957244	-0.494513	0.043953	-0.868058	robot
0.888275	0.349709	-0.297776	0.156633	-0.811719	-0.562653	robot
0.775433	0.467783	-0.424127	0.766649	0.300393	-0.567462	robot
0.196904	0.233365	-0.952244	-0.378614	-0.013214	-0.925460	robot
-0.292074	0.021961	-0.956144	-0.522629	0.001672	-0.852558	robot
0.884497	0.351300	-0.307008	-0.158620	-0.794547	-0.586118	robot
-0.765150	0.462935	-0.447478	0.762361	0.275870	-0.585407	robot
0.198750	0.234960	-0.951469	-0.360159	-0.020512	-0.932665	robot
-0.259717	0.073124	-0.962912	-0.465170	0.037563	-0.884424	robot
0.307346	-0.899732	-0.309871	-0.119770	-0.802457	-0.584567	robot
-0.788278	0.454508	-0.414778	0.243654	-0.817086	-0.522497	robot
0.207806	0.252971	-0.944893	-0.380294	-0.023662	-0.924563	robot
-0.285807	0.118950	-0.950876	-0.494731	0.070929	-0.866147	robot
0.301486	-0.900754	-0.312648	0.156253	-0.783676	-0.601197	robot
-0.765175	0.465534	-0.444730	0.779199	0.204303	-0.592545	robot
0.198782	0.230391	-0.952579	-0.357972	-0.010701	-0.933671	robot
-0.299711	0.113059	-0.947307	-0.534903	0.049342	-0.843471	robot
0.296155	-0.902279	-0.313343	0.156884	-0.781232	-0.604205	robot
-0.762153	0.456627	-0.458929	0.780957	0.235454	-0.578504	robot
0.208266	0.242920	-0.947426	-0.376931	-0.028644	-0.925798	robot
-0.295093	0.105868	-0.949585	-0.518412	0.040619	-0.854166	robot
0.317348	-0.905984	-0.280149	0.135579	-0.813572	-0.565437	robot
-0.756861	0.470526	-0.453615	0.793740	0.284261	-0.537748	robot
0.206832	0.263511	-0.942222	-0.387803	-0.047483	-0.920518	robot
0.122796	-0.946083	-0.299748	-0.517982	0.060931	-0.853219	robot
-0.898023	0.336110	-0.283875	-0.136434	-0.821692	-0.553361	robot
-0.767707	0.443900	-0.462145	0.789733	0.251877	-0.559357	robot
0.217065	0.240177	-0.946149	-0.396820	-0.019614	-0.917687	robot
-0.299386	0.113814	-0.947320	-0.520704	0.036069	-0.852975	robot
-0.893787	0.333810	-0.299528	-0.544493	0.172528	-0.820830	robot
-0.763597	0.447337	-0.465627	-0.183678	-0.799903	-0.571329	robot
0.217065	0.240177	-0.946149	-0.396820	-0.019614	-0.917687	robot
-0.299386	0.113814	-0.947320	-0.520704	0.036069	-0.852975	robot
-0.893787	0.333810	-0.299528	-0.544493	0.172528	-0.820830	robot
-0.763597	0.447337	-0.465627	-0.183678	-0.799903	-0.571329	robot
0.219060	0.236280	-0.946670	-0.405574	-0.015780	-0.913926	robot
-0.299386	0.113814	-0.947320	-0.520704	0.036069	-0.852975	robot
-0.893787	0.333810	-0.299528	-0.544493	0.172528	-0.820830	robot
-0.764042	0.442820	-0.469203	-0.167269	-0.807008	-0.566356	robot
0.217065	0.240177	-0.946149	-0.396820	-0.019614	-0.917687	robot
-0.299386	0.113814	-0.947320	-0.520704	0.036069	-0.852975	robot
-0.893787	0.333810	-0.299528	-0.544493	0.172528	-0.820830	robot
-0.764042	0.442820	-0.469203	-0.167269	-0.807008	-0.566356	robot
0.217065	0.240177	-0.946149	-0.396820	-0.019614	-0.917687	robot
-0.299386	0.113814	-0.947320	-0.520704	0.036069	-0.852975	robot
-0.892774	0.333934	-0.302396	-0.548992	0.164402	-0.819499	robot
-0.764042	0.442820	-0.469203	-0.167269	-0.807008	-0.566356	robot
0.217065	0.240177	-0.946149	-0.396820	-0.019614	-0.917687	robot
-0.299386	0.113814	-0.947320	-0.520704	0.036069	-0.852975	robot
-0.892774	0.333934	-0.302396	-0.548992	0.164402	-0.819499	robot
-0.764042	0.442820	-0.469203	-0.167269	-0.807008	-0.566356	robot
-0.102098	-0.208667	-0.972643	-0.198565	-0.160951	-0.966782	robot
-0.173526	0.096212	-0.980118	0.923618	0.146587	-0.354178	robot
-0.058579	-0.263322	-0.962928	-0.070105	0.169195	-0.983086	window
0.148934	0.525717	-0.837520	0.273803	0.458043	-0.845712	robot
-0.099583	-0.044013	-0.994055	-0.204623	0.153363	-0.966752	vent
-0.305616	-0.943305	-0.129515	-0.941557	-0.335425	-0.030993	robot
-0.033868	-0.485975	-0.873316	0.807807	-0.111507	-0.578804	vent
-0.113798	-0.001968	-0.993502	-0.238477	0.198309	-0.950685	vent
0.015493	-0.579611	-0.814746	-0.216974	0.244810	-0.944982	robot
-0.112942	0.716438	-0.688448	-0.778112	0.064645	-0.624790	vent
-0.186970	-0.014113	-0.982264	-0.387324	0.115729	-0.914651	robot
0.082435	-0.681498	-0.727162	-0.277563	0.165610	-0.946325	vent
-0.043794	-0.644612	-0.763254	-0.097849	0.688855	-0.718264	vent
-0.197412	0.005670	-0.980304	-0.399884	0.124730	-0.908039	vent
-0.063389	-0.946914	-0.315175	0.234834	0.261372	-0.936236	vent
0.109084	-0.656201	-0.746660	0.763272	-0.517658	-0.386583	vent
-0.179545	-0.006137	-0.983731	-0.392205	0.106173	-0.913730	vent
0.052570	-0.052657	-0.997228	-0.083420	-0.063782	-0.994471	vent
0.296941	-0.742598	-0.600312	0.524818	-0.703716	-0.478906	vent
-0.177412	0.004309	-0.984127	-0.386117	0.116873	-0.915016	vent
0.098486	0.288906	-0.952278	-0.226439	-0.123096	-0.966216	vent
0.239345	0.276878	-0.930619	0.374104	0.162356	-0.913065	vent
-0.195916	0.000027	-0.980621	-0.396427	0.107652	-0.911733	vent
0.172956	0.349727	-0.920748	0.289757	0.127225	-0.948607	robot
0.227168	0.342951	-0.911471	0.351274	0.217080	-0.910759	vent
-0.195318	0.003363	-0.980734	-0.398129	0.097595	-0.912123	vent
0.211987	0.375851	-0.902107	0.341088	0.135976	-0.930145	robot
0.258112	0.418211	-0.870906	0.428745	0.294335	-0.854134	vent
-0.198508	0.004753	-0.980088	-0.402363	0.087141	-0.911324	vent
0.240523	0.352294	-0.904454	0.364483	0.091898	-0.926664	robot
0.218871	0.442221	-0.869791	0.437081	0.400882	-0.805142	vent
-0.191203	0.013284	-0.981461	-0.387761	0.074958	-0.918707	vent
0.209283	0.346004	-0.914594	0.329167	0.085810	-0.940364	eachother
0.210361	0.418727	-0.883412	0.453740	0.354411	-0.817626	vent
-0.199068	0.008560	-0.979948	-0.404707	0.075598	-0.911316	vent
0.199036	0.326824	-0.923889	0.313323	0.078042	-0.946435	robot
0.209644	0.364158	-0.907435	0.463766	0.311122	-0.829533	vent
-0.189224	0.003204	-0.981929	-0.406078	0.072390	-0.910967	vent
0.189667	0.330717	-0.924474	0.295782	0.088907	-0.951109	robot
-0.173196	-0.198169	-0.964745	0.390264	0.240266	-0.888800	vent
-0.181710	-0.017510	-0.983196	-0.380374	0.077641	-0.921568	vent
0.193712	0.317303	-0.928329	0.292892	0.085713	-0.952296	robot
-0.186267	-0.168708	-0.967906	0.383185	0.235731	-0.893084	vent
-0.201722	-0.044035	-0.978452	-0.408168	0.055146	-0.911240	vent
0.238283	0.314312	-0.918929	-0.354789	-0.040501	-0.934069	robot
-0.229062	-0.235609	-0.944468	0.454541	0.227400	-0.861210	vent
-0.204918	-0.009168	-0.978736	-0.407684	0.083274	-0.909318	vent
0.307877	0.316950	-0.897081	0.445092	0.099408	-0.889950	robot
-0.181759	-0.246082	-0.952054	0.393788	0.309352	-0.865582	vent
-0.200597	0.001386	-0.979673	-0.401055	0.080665	-0.912495	vent
0.310321	0.270654	-0.911289	0.427708	0.120912	-0.895793	robot
-0.153712	-0.257922	-0.953860	0.331334	0.330845	-0.883606	robot
-0.197242	0.007537	-0.980326	-0.394838	0.093024	-0.914029	vent
-0.168386	-0.154343	-0.973563	-0.250414	0.008261	-0.968104	robot
-0.165465	-0.235843	-0.957601	0.362953	0.269970	-0.891842	robot
-0.203474	0.006320	-0.979060	-0.066900	-0.406640	-0.911136	robot
0.002860	-0.056577	-0.998394	-0.128090	0.102761	-0.986424	robot
-0.198201	-0.230938	-0.952567	0.403441	0.306530	-0.862134	robot
-0.209091	0.003266	-0.977891	-0.400066	0.097599	-0.911275	vent
-0.010499	0.083986	-0.996412	-0.137207	0.222214	-0.965295	robot
-0.180784	-0.171953	-0.968375	0.361445	0.244256	-0.899831	window
-0.210389	0.003365	-0.977612	0.913128	0.058064	-0.403518	vent
0.964639	0.257865	-0.054568	0.933450	0.300423	-0.196004	robot
-0.142407	-0.138439	-0.980079	-0.313989	-0.212021	-0.925450	robot
-0.198813	-0.001530	-0.980036	-0.057758	-0.395401	-0.916691	vent
0.967616	0.247737	-0.048440	0.939715	0.275573	-0.202471	robot
-0.156736	-0.147993	-0.976490	-0.326330	-0.191508	-0.925653	window
-0.215960	-0.016576	-0.976261	-0.062927	-0.418913	-0.905843	vent
0.977572	0.209913	-0.016992	0.949814	0.274125	-0.150693	robot
-0.195588	-0.241061	-0.950597	0.386136	0.306602	-0.869997	window
-0.195509	-0.014108	-0.980600	-0.407710	0.083290	-0.909305	vent
-0.011601	0.189326	-0.981846	0.141665	-0.284821	-0.948055	robot
-0.189945	-0.229830	-0.954515	0.398506	0.285720	-0.871526	robot
-0.193573	-0.004699	-0.981075	-0.410551	0.087110	-0.907667	vent
0.005492	0.194290	-0.980929	0.116543	-0.282223	-0.952244	robot
-0.192819	-0.235679	-0.952510	0.391383	0.251475	-0.885200	robot
0.016031	0.198884	-0.979892	-0.401064	0.119809	-0.908182	vent
0.980047	0.185125	-0.072370	0.950150	0.198367	-0.240553	robot
-0.187760	-0.197731	-0.962106	0.372672	0.308629	-0.875136	robot
-0.231729	0.000700	-0.972780	-0.427427	0.091835	-0.899373	window
-0.935936	0.298689	-0.186570	-0.905700	0.166896	-0.389684	robot
-0.186622	-0.213034	-0.959056	0.370475	0.312147	-0.874822	window
-0.220412	0.021537	-0.975169	-0.425949	0.117695	-0.897059	window
0.873105	0.081088	-0.480741	-0.628530	0.308055	-0.714179	robot
-0.167294	-0.186694	-0.968069	0.356818	0.269574	-0.894433	window
-0.219614	0.006243	-0.975567	-0.083729	-0.412380	-0.907156	window
0.984251	0.054658	-0.168112	-0.793123	-0.427770	-0.433553	robot
-0.188814	-0.225325	-0.955813	0.393651	0.307929	-0.866151	robot
-0.220558	0.014866	-0.975261	0.901603	0.081140	-0.424887	robot
-0.322777	0.441451	-0.837219	-0.511815	0.181878	-0.839622	window
-0.192802	-0.226003	-0.954856	0.401978	0.318497	-0.858472	robot
-0.220558	0.014866	-0.975261	0.901603	0.081140	-0.424887	robot
-0.327293	0.437279	-0.837655	-0.515023	0.176817	-0.838741	robot
-0.192802	-0.226003	-0.954856	0.401978	0.318497	-0.858472	robot
-0.220558	0.014866	-0.975261	0.901603	0.081140	-0.424887	robot
-0.327293	0.437279	-0.837655	-0.515023	0.176817	-0.838741	robot
-0.192802	-0.226003	-0.954856	0.401978	0.318497	-0.858472	robot
-0.220558	0.014866	-0.975261	0.901603	0.081140	-0.424887	robot
-0.331911	0.432839	-0.838144	-0.518033	0.171789	-0.837932	robot
-0.188814	-0.225325	-0.955813	0.393651	0.307929	-0.866151	robot
-0.220558	0.014866	-0.975261	0.901603	0.081140	-0.424887	robot
-0.331911	0.432839	-0.838144	-0.518033	0.171789	-0.837932	robot
-0.193298	-0.218853	-0.956420	0.397498	0.298349	-0.867746	robot
-0.220558	0.014866	-0.975261	0.901603	0.081140	-0.424887	robot
-0.331911	0.432839	-0.838144	-0.518033	0.171789	-0.837932	robot
0.905416	0.222111	-0.361785	-0.790732	0.191140	-0.581557	window
0.134949	-0.881185	-0.453102	-0.633390	0.033159	-0.773122	window
-0.833076	0.394854	-0.387395	0.781481	0.312625	-0.539957	window
0.208458	-0.906385	-0.367439	-0.810188	0.125431	-0.572593	window
-0.430641	-0.007362	-0.902493	-0.594258	0.061910	-0.801888	window
0.160804	-0.967839	-0.193469	0.928220	0.215333	-0.303378	window
0.450215	0.380098	-0.807980	0.651813	0.120746	-0.748706	window
-0.913052	-0.288642	-0.288134	-0.298255	0.928064	-0.223030	vent
0.918337	0.361591	-0.160963	0.901681	0.341965	-0.264637	window
0.449862	0.322164	-0.832967	0.637700	0.102337	-0.763456	window
0.334937	0.205920	-0.919464	0.528954	-0.061051	-0.846452	vent
0.632185	-0.771048	-0.076329	0.558554	0.829147	-0.023066	window
0.836494	0.331273	-0.436505	0.618079	0.128339	-0.775569	window
-0.320780	0.056443	-0.945470	-0.497926	0.155761	-0.853117	vent
-0.124765	0.365159	-0.922547	-0.221647	-0.719979	-0.657649	robot
0.843098	0.354324	-0.404525	0.608241	0.152860	-0.778895	robot
-0.070273	-0.916780	-0.393161	0.090053	-0.810182	-0.579220	vent
-0.188439	0.279067	-0.941601	-0.262035	0.512872	-0.817496	vent
0.402996	0.369712	-0.837202	0.601555	0.150791	-0.784471	vent
-0.513743	0.168990	-0.841137	-0.659454	0.031516	-0.751084	vent
0.153308	-0.219839	-0.963414	-0.211521	0.513678	-0.831501	vent
0.402655	0.354329	-0.843990	0.610147	0.170820	-0.773654	vent
-0.589818	0.239513	-0.771199	-0.712202	0.091919	-0.695930	vent
-0.049552	0.359346	-0.931888	-0.677123	0.728768	-0.101983	vent
0.859964	0.314797	-0.401701	0.622234	0.125452	-0.772714	robot
-0.617863	0.293194	-0.729577	-0.726522	0.186220	-0.661429	vent
0.057271	0.646260	-0.760966	-0.690020	-0.723202	-0.029176	vent
0.860835	0.311839	-0.402143	0.616101	0.142566	-0.774658	robot
-0.632451	0.328090	-0.701686	-0.736227	0.246543	-0.630227	vent
0.561405	-0.827339	-0.018316	0.694728	0.719151	-0.013256	vent
0.853123	0.341228	-0.394645	0.765486	0.183891	-0.616616	vent
-0.534550	0.220160	-0.815957	-0.666839	0.060339	-0.742755	vent
-0.433188	-0.433049	-0.790454	-0.677236	-0.453156	-0.579655	robot
0.868463	0.320595	-0.378140	0.784968	0.142662	-0.602887	vent
-0.428330	0.016164	-0.903478	-0.615507	0.006456	-0.788105	vent
-0.557867	-0.575821	-0.597675	-0.702808	-0.559713	-0.439069	robot
0.870632	0.308563	-0.383131	0.787344	0.135231	-0.601500	robot
-0.451701	-0.073034	-0.889175	-0.620375	0.003012	-0.784300	vent
-0.245296	0.414466	-0.876383	-0.337348	0.380416	-0.861092	robot
0.853961	0.342758	-0.391494	0.778090	0.185424	-0.600161	robot
-0.462666	-0.029625	-0.886038	-0.623413	0.018872	-0.781665	vent
-0.378376	0.188319	-0.906293	-0.452797	0.219094	-0.864276	robot
0.858167	0.300413	-0.416294	0.614390	0.113229	-0.780835	robot
-0.454285	0.003634	-0.890849	-0.614600	0.037373	-0.787953	vent
-0.443978	0.204185	-0.872463	-0.574789	0.233157	-0.784382	robot
0.421651	0.297459	-0.856580	0.628305	0.083109	-0.773515	robot
-0.457857	0.012942	-0.888932	-0.619808	0.039464	-0.783761	vent
0.273905	-0.827841	-0.489546	0.744520	0.211618	-0.633173	robot
0.856766	0.308148	-0.413518	0.621698	0.115698	-0.774665	robot
-0.445846	0.039783	-0.894225	-0.608519	0.057093	-0.791483	vent
-0.803566	0.322236	-0.500446	0.732684	0.201532	-0.650045	robot
-0.862301	0.316587	-0.395234	-0.764141	0.178291	-0.619920	robot
-0.422727	0.070115	-0.903541	-0.593220	0.071826	-0.801830	robot
-0.807410	0.335163	-0.485546	0.736584	0.218288	-0.640152	robot
0.341103	0.861424	-0.376294	-0.763845	0.224448	-0.605115	vent
-0.421279	0.050633	-0.905516	-0.591100	0.053063	-0.804851	robot
-0.792716	0.345482	-0.502239	0.721808	0.215412	-0.657717	robot
-0.851114	0.350882	-0.390495	-0.748974	0.235298	-0.619414	vent
-0.429001	0.036152	-0.902580	-0.594005	0.033542	-0.803762	robot
-0.807972	0.321384	-0.493856	0.735431	0.213186	-0.643190	robot
-0.841285	0.363659	-0.399989	-0.747833	0.240452	-0.618813	robot
-0.453048	0.009931	-0.891431	-0.617343	0.020703	-0.786422	robot
-0.827614	0.297221	-0.476146	0.748431	0.196063	-0.633569	robot
-0.839054	0.359674	-0.408195	-0.739068	0.235750	-0.631031	robot
-0.452234	0.019965	-0.891676	-0.615974	0.029119	-0.787228	robot
0.288680	-0.838407	-0.462318	0.753968	0.208352	-0.622995	robot
-0.839094	0.335573	-0.428151	-0.731193	0.185097	-0.656579	robot
-0.448709	0.034932	-0.892995	-0.617261	0.042379	-0.785616	robot
0.273627	-0.836575	-0.474627	0.746809	0.207647	-0.631790	robot
-0.836356	0.335556	-0.433487	-0.733048	0.173603	-0.657649	robot
-0.465794	0.022659	-0.884603	-0.639978	0.005682	-0.768372	robot
0.290692	-0.830293	-0.475511	0.739938	0.221668	-0.635102	robot
0.847467	0.320461	-0.423208	-0.750194	0.151088	-0.643724	robot
-0.467370	0.036599	-0.883304	-0.636415	0.026738	-0.770883	robot
0.279982	-0.839739	-0.465240	0.751153	0.216699	-0.623546	robot
-0.856526	0.311382	-0.411587	-0.757100	0.144664	-0.637081	robot
0.037937	-0.882233	-0.469281	0.018370	-0.774797	-0.631944	robot
0.283235	-0.835893	-0.470171	0.752099	0.209363	-0.624911	robot
-0.855218	0.317271	-0.409807	-0.756218	0.178873	-0.629395	robot
0.464046	-0.084549	-0.881767	0.639186	-0.029404	-0.768490	robot
0.289403	-0.821366	-0.491532	0.186708	-0.733708	-0.653309	robot
-0.844726	0.351321	-0.403747	-0.745035	0.227448	-0.627049	robot
0.488002	-0.136912	-0.862038	0.670982	-0.015840	-0.741305	robot
0.277052	-0.833228	-0.478511	0.186224	-0.743699	-0.642053	robot
-0.848861	0.340343	-0.404477	-0.749019	0.225447	-0.623013	robot
0.506748	-0.141174	-0.850456	0.676335	0.019999	-0.736322	robot
0.278304	-0.832071	-0.479796	0.738948	0.193256	-0.645451	robot
-0.845767	0.346426	-0.405792	-0.744142	0.245638	-0.621220	robot
0.514543	-0.120530	-0.848951	0.675499	0.051234	-0.735578	robot
0.290627	-0.821157	-0.491159	0.730595	0.199595	-0.652987	robot
-0.845767	0.346426	-0.405792	-0.744142	0.245638	-0.621220	robot
0.514543	-0.120530	-0.848951	0.675499	0.051234	-0.735578	robot
0.288880	-0.818949	-0.495854	0.728340	0.198394	-0.655866	window
-0.844340	0.345130	-0.409848	-0.740757	0.242648	-0.626419	robot
0.516952	-0.119028	-0.847699	0.676367	0.050003	-0.734865	robot
0.288880	-0.818949	-0.495854	0.728340	0.198394	-0.655866	robot
-0.844340	0.345130	-0.409848	-0.740757	0.242648	-0.626419	window
0.519446	-0.117473	-0.846390	0.677238	0.048692	-0.734151	robot
0.288880	-0.818949	-0.495854	0.728340	0.198394	-0.655866	floor
-0.844340	0.345130	-0.409848	-0.740757	0.242648	-0.626419	robot
0.519446	-0.117473	-0.846390	0.677238	0.048692	-0.734151	robot
0.286928	-0.816817	-0.500482	0.726094	0.197369	-0.658660	floor
-0.840214	0.343584	-0.419512	-0.737012	0.228160	-0.636205	robot
0.519446	-0.117473	-0.846390	0.677238	0.048692	-0.734151	robot
0.288880	-0.818949	-0.495854	0.728340	0.198394	-0.655866	floor
-0.637661	0.630725	-0.442238	-0.668267	0.423293	-0.611753	robot
-0.369239	-0.177108	-0.912302	-0.427546	-0.011981	-0.903914	robot
-0.810845	0.459556	-0.362408	-0.783642	0.336875	-0.521940	window
-0.123907	0.484796	-0.865806	-0.376191	0.353746	-0.856355	robot
0.078836	-0.985341	-0.151291	-0.998484	0.029177	-0.046671	robot
0.596021	0.676109	-0.433169	0.657365	-0.585878	-0.473939	robot
0.845380	0.438518	-0.305017	-0.817362	-0.403832	-0.410901	robot
-0.346350	-0.128735	-0.929230	-0.922142	-0.220950	-0.317547	window
0.627236	0.776706	-0.057469	0.491460	-0.757463	-0.429787	robot
0.841772	0.437829	-0.315793	0.832268	0.349282	-0.430503	robot
-0.522191	-0.534994	-0.664152	0.747921	-0.604992	-0.273126	robot
0.856021	0.390879	-0.338293	0.493240	0.228798	-0.839265	robot
-0.376753	-0.142824	-0.915237	0.356271	0.249403	-0.900483	vent
-0.194671	-0.868848	-0.455199	-0.442574	-0.816297	-0.371198	robot
-0.238980	-0.046085	-0.969930	-0.294481	0.212724	-0.931681	robot
0.719701	-0.448742	-0.529775	0.810774	-0.529993	-0.248502	robot
0.390147	0.237366	-0.889631	0.524192	0.092416	-0.846571	robot
-0.429248	0.007708	-0.903154	-0.471021	0.000703	-0.882122	window
-0.469985	-0.861923	-0.190270	-0.543095	-0.774354	-0.324692	robot
-0.251062	0.148944	-0.956443	-0.317165	0.306465	-0.897488	robot
-0.474082	-0.547334	-0.689690	0.772097	-0.583152	-0.252585	vent
0.400701	0.193282	-0.895590	0.523266	0.027828	-0.851715	vent
-0.406612	0.142462	-0.902425	-0.484844	0.287811	-0.825888	robot
-0.207455	-0.745881	-0.632949	-0.571635	-0.746296	-0.340992	robot
0.847863	0.440664	-0.294862	0.831542	0.348770	-0.432317	robot
0.456439	0.662754	-0.593649	0.514138	0.736698	-0.439247	vent
0.866245	0.281694	-0.412635	0.556025	0.120796	-0.822341	vent
-0.319074	0.234746	-0.918197	-0.365269	0.314121	-0.876303	vent
-0.122476	-0.525765	-0.841766	-0.539026	-0.750082	-0.383182	vent
0.777869	0.567071	-0.270833	0.779118	0.406191	-0.477477	window
0.501290	0.689413	-0.522895	0.500721	0.707182	-0.499171	vent
-0.827616	0.414618	-0.378343	-0.796295	0.297025	-0.526963	vent
0.357956	-0.499788	-0.788720	-0.539239	-0.746503	-0.389813	vent
-0.464161	-0.856428	-0.226023	-0.582231	-0.711302	-0.393772	vent
0.797172	0.435162	-0.418509	0.782510	0.245111	-0.572363	vent
0.497100	0.702516	-0.509276	0.475163	0.730747	-0.490132	vent
-0.766436	0.507324	-0.393953	-0.708961	0.415732	-0.569685	vent
0.327183	-0.408725	-0.851995	0.378757	-0.530758	-0.758182	vent
-0.645950	-0.755498	-0.109413	-0.574981	-0.709101	-0.408133	vent
0.513956	0.644353	-0.566268	0.565137	0.475278	-0.674337	vent
0.451662	0.748082	-0.486184	0.514571	0.668268	-0.537247	vent
-0.714141	0.568931	-0.407823	-0.667987	0.488829	-0.561106	vent
0.443047	0.861909	-0.246622	0.836966	0.348047	-0.422316	vent
0.259768	-0.730491	-0.631588	0.595270	-0.733126	-0.328905	vent
0.437813	0.657098	-0.613631	0.482455	0.509657	-0.712381	vent
0.445129	0.746115	-0.495150	0.493248	0.659977	-0.566690	robot
-0.758446	0.499891	-0.418172	-0.715282	0.343042	-0.608847	robot
-0.269255	-0.936911	-0.222934	0.844512	0.350908	-0.404552	vent
0.195238	0.422700	-0.884990	0.382643	0.251358	-0.889046	eachother
0.479840	0.610146	-0.630456	0.505476	0.456248	-0.732347	vent
0.089515	0.155446	-0.983780	-0.970549	0.133469	-0.200553	vent
0.361966	0.212834	-0.907569	0.465816	0.118129	-0.876961	vent
0.861953	0.379594	-0.336073	0.824773	0.363191	-0.433408	robot
0.067086	-0.012635	-0.997667	-0.028983	-0.951418	-0.306535	eachother
-0.104739	-0.966126	-0.235861	-0.992498	0.073772	-0.097496	robot
0.443448	0.763821	-0.468969	0.518667	0.594064	-0.614876	window
-0.366032	-0.045025	-0.929513	-0.381728	0.021165	-0.924032	vent
0.861500	0.401852	-0.310374	0.825021	0.397142	-0.402018	floor
-0.268486	0.474898	-0.838085	-0.518344	0.401228	-0.755206	robot
0.091421	0.957282	-0.274325	0.979856	-0.048586	-0.193707	robot
0.453399	0.762343	-0.461804	0.524762	0.644754	-0.555803	vent
-0.400555	-0.170859	-0.900201	0.505083	0.090320	-0.858332	vent
0.857932	0.391787	-0.332349	0.827361	0.348155	-0.440752	floor
-0.213288	0.476085	-0.853142	-0.502024	0.304078	-0.809635	robot
0.100157	0.994967	-0.003115	0.995915	-0.060580	-0.066959	robot
-0.976571	0.214376	-0.018772	0.612437	0.575299	-0.542173	vent
-0.415263	-0.071686	-0.906872	-0.512315	0.012927	-0.858700	robot
0.845632	0.409485	-0.342385	0.808835	0.347799	-0.474153	floor
-0.100635	0.376213	-0.921052	-0.352199	0.229194	-0.907428	robot
-0.136933	-0.932323	-0.334698	-0.987010	0.084362	-0.136725	floor
-0.979531	0.174276	-0.100737	-0.633383	-0.603862	-0.483918	vent
-0.048383	-0.918706	-0.391966	-0.505548	-0.051525	-0.861258	robot
0.853779	0.395868	-0.338156	0.821503	0.351647	-0.448863	floor
-0.382846	-0.921423	-0.066395	-0.901020	0.274862	-0.335579	robot
0.161583	-0.912224	-0.376481	0.987582	0.089114	-0.129386	robot
-0.190509	-0.614547	-0.765531	0.540574	0.666201	-0.513766	vent
0.371546	0.100747	-0.922932	-0.865091	0.119861	-0.487084	robot
0.858726	0.385862	-0.337194	0.810994	0.358733	-0.462168	floor
-0.041700	0.530751	-0.846501	0.324155	-0.185437	-0.927651	robot
0.380616	0.774921	-0.504608	0.896420	-0.256123	-0.361707	robot
0.032726	0.366600	-0.929803	0.544772	0.624796	-0.559332	robot
-0.087733	-0.919924	-0.382155	-0.869474	0.113034	-0.480872	robot
0.862819	0.390976	-0.320440	0.816637	0.358884	-0.452002	floor
0.017581	-0.590350	-0.806956	-0.314793	0.223935	-0.922366	robot
0.662317	0.678808	-0.317104	0.603817	0.553228	-0.573885	robot
0.404353	0.737254	-0.541253	-0.375507	-0.861616	-0.341485	robot
-0.068737	-0.912105	-0.404152	0.859338	0.076728	-0.505619	robot
0.866878	0.377203	-0.325947	0.838965	0.295297	-0.457097	robot
-0.075242	0.352651	-0.932725	-0.316047	0.212118	-0.924727	robot
0.091708	-0.965220	-0.244828	-0.993728	0.048017	-0.100987	robot
0.502179	-0.573548	-0.647193	0.621843	-0.604379	-0.498033	robot
-0.052041	-0.920987	-0.386102	-0.492864	-0.038724	-0.869244	robot
0.869548	0.364400	-0.333316	0.840248	0.241396	-0.485501	window
-0.077723	0.354177	-0.931943	-0.342508	0.205002	-0.916876	robot
-0.984210	0.050897	-0.169532	-0.996301	0.021269	-0.083255	robot
0.700388	0.531708	-0.476176	0.649722	0.363888	-0.667418	robot
0.118959	-0.915881	-0.383419	-0.503802	-0.080684	-0.860043	robot
0.865401	0.356890	-0.351726	0.825638	0.267299	-0.496864	robot
-0.083638	0.338453	-0.937259	-0.341489	0.202778	-0.917751	robot
-0.988833	0.026308	-0.146689	0.013011	0.076150	-0.997011	robot
0.715948	0.525241	-0.459935	0.644204	0.341252	-0.684506	robot
-0.099533	-0.921161	-0.376238	-0.491844	-0.074284	-0.867508	robot
0.861928	0.364567	-0.352379	0.833638	0.234409	-0.500100	robot
-0.077641	0.340677	-0.936969	-0.333042	0.196866	-0.922132	window
-0.988084	0.022673	-0.152237	0.010791	0.080931	-0.996661	robot
0.673189	0.562888	-0.479556	0.640527	0.412785	-0.647560	robot
-0.107220	-0.920113	-0.376692	0.867222	0.130150	-0.480612	robot
-0.849587	0.363611	-0.382085	-0.818166	0.201195	-0.538632	robot
-0.077537	0.343047	-0.936113	-0.333290	0.185977	-0.924300	window
0.016590	0.133665	-0.990888	0.005726	0.066163	-0.997792	robot
0.670554	0.550561	-0.497233	0.650002	0.394096	-0.649758	robot
-0.129018	-0.916770	-0.378005	0.867241	0.120485	-0.483090	robot
0.857130	0.385106	-0.342085	0.816404	0.277803	-0.506270	robot
-0.078597	0.343293	-0.935934	-0.330604	0.219841	-0.917808	robot
0.014125	0.127661	-0.991717	0.001430	0.059409	-0.998233	robot
0.675834	0.547789	-0.493128	0.635360	0.402152	-0.659235	robot
-0.123826	-0.908983	-0.398016	0.854680	0.110467	-0.507267	robot
0.855919	0.388137	-0.341691	-0.815306	0.284491	-0.504322	floor
-0.080274	0.359844	-0.929553	-0.343461	0.203165	-0.916929	window
-0.991386	0.015379	-0.130063	0.004694	0.063445	-0.997974	robot
0.686385	0.538718	-0.488527	0.646819	0.392087	-0.654135	robot
-0.114413	-0.913878	-0.389535	0.856023	0.112206	-0.504614	robot
0.838532	0.399810	-0.370156	-0.804505	0.246798	-0.540242	robot
-0.079005	0.349178	-0.933720	-0.328585	0.195949	-0.923924	window
-0.992526	0.019446	-0.120477	0.004352	0.054928	-0.998481	robot
0.674876	0.544356	-0.498216	0.656073	0.394859	-0.643161	robot
-0.107341	-0.912260	-0.395298	0.855849	0.107084	-0.506019	floor
-0.847155	0.372817	-0.378598	-0.542558	0.190940	-0.818030	robot
-0.064743	0.340682	-0.937947	-0.317797	0.200028	-0.926819	window
0.016626	0.127449	-0.991706	0.004034	0.060920	-0.998134	robot
0.680473	0.531757	-0.504174	0.645187	0.398255	-0.652018	robot
-0.105273	-0.911958	-0.396548	-0.850259	0.110457	-0.514645	floor
-0.831550	0.391519	-0.394002	-0.590183	0.177733	-0.787461	robot
-0.080273	0.337453	-0.937913	-0.333503	0.205042	-0.920182	window
0.017653	0.128309	-0.991577	0.006804	0.064022	-0.997925	robot
0.679389	0.539907	-0.496921	0.633648	0.398962	-0.662812	robot
-0.112773	-0.914013	-0.389695	-0.853250	0.119065	-0.507728	floor
-0.845492	0.356973	-0.397132	-0.576614	0.134688	-0.805839	robot
-0.086299	0.336691	-0.937652	0.344593	-0.179212	-0.921487	window
0.009899	0.121170	-0.992582	-0.001701	0.059573	-0.998223	window
0.669340	0.548843	-0.500755	0.644804	0.405657	-0.647820	window
-0.185600	-0.900471	-0.393324	-0.831952	0.237795	-0.501308	floor
-0.839036	0.377298	-0.392002	-0.599146	0.124124	-0.790960	robot
-0.100561	0.351080	-0.930930	-0.369331	0.195685	-0.908461	window
-0.011975	-0.145906	-0.989226	-0.000930	0.066815	-0.997765	window
0.659644	0.558171	-0.503304	0.644015	0.420350	-0.639180	window
0.397118	0.174352	-0.901054	-0.826325	0.256313	-0.501488	floor
-0.838934	0.374470	-0.394921	-0.575851	0.137560	-0.805899	window
-0.097151	0.347670	-0.932570	-0.360394	0.218397	-0.906873	window
0.019557	0.147903	-0.988809	0.008095	0.074374	-0.997198	window
0.659644	0.558171	-0.503304	0.644015	0.420350	-0.639180	window
0.396789	0.177330	-0.900618	-0.824462	0.257301	-0.504042	floor
-0.834972	0.374381	-0.403312	-0.579789	0.121669	-0.805631	robot
-0.094377	0.348493	-0.932548	-0.351671	0.221530	-0.909534	window
0.020224	0.154991	-0.987709	0.008541	0.079127	-0.996828	window
0.659644	0.558171	-0.503304	0.644015	0.420350	-0.639180	robot
0.396789	0.177330	-0.900618	-0.824462	0.257301	-0.504042	floor
-0.834972	0.374381	-0.403312	-0.579789	0.121669	-0.805631	robot
-0.094377	0.348493	-0.932548	-0.351671	0.221530	-0.909534	window
0.019716	0.149674	-0.988539	0.008632	0.076167	-0.997058	window
0.661138	0.562089	-0.496942	0.645887	0.412411	-0.642454	robot
0.396789	0.177330	-0.900618	-0.824462	0.257301	-0.504042	floor
-0.834536	0.372980	-0.405508	-0.585606	0.110668	-0.803006	robot
-0.094377	0.348493	-0.932548	-0.351671	0.221530	-0.909534	window
0.019900	0.151446	-0.988265	-0.009233	-0.077950	-0.996915	robot
0.664269	0.567058	-0.487023	0.640848	0.408392	-0.650023	robot
0.396789	0.177330	-0.900618	-0.824462	0.257301	-0.504042	robot
-0.834167	0.371736	-0.407402	-0.591295	0.100177	-0.800209	robot
-0.094377	0.348493	-0.932548	-0.351671	0.221530	-0.909534	window
0.020067	0.153243	-0.987985	-0.009903	-0.079750	-0.996766	robot
0.662489	0.563615	-0.493403	0.638293	0.415368	-0.648114	robot
0.396789	0.177330	-0.900618	-0.824462	0.257301	-0.504042	robot
-0.834167	0.371736	-0.407402	-0.591295	0.100177	-0.800209	robot
-0.097151	0.347670	-0.932570	-0.360394	0.218397	-0.906873	robot
0.019900	0.151446	-0.988265	-0.009233	-0.077950	-0.996915	robot
0.005720	-0.210995	-0.977470	-0.250197	-0.045817	-0.967110	window
0.335648	-0.096515	-0.937030	-0.802118	0.073694	-0.592600	window
0.417255	-0.162529	-0.894138	0.670542	0.003533	-0.741863	robot
-0.053215	0.478549	-0.876447	-0.273901	0.270221	-0.923016	robot
0.777273	0.622701	-0.089945	0.637185	-0.770549	-0.015777	robot
0.126725	0.241062	-0.962201	0.338128	0.056367	-0.939410	window
-0.236772	0.058969	-0.969774	-0.408831	0.224891	-0.884467	robot
-0.124727	0.442053	-0.888275	-0.388781	0.300485	-0.870952	robot
0.782577	0.616460	-0.086890	0.586698	-0.078432	-0.805999	vent
0.108716	0.268686	-0.957073	-0.303024	-0.073611	-0.950136	window
-0.218473	-0.033937	-0.975253	-0.402058	0.085494	-0.911614	robot
-0.165675	0.417364	-0.893509	-0.464277	0.379226	-0.800397	robot
-0.740347	-0.670445	-0.048876	0.601573	-0.754717	-0.261747	vent
0.974243	0.196747	-0.110182	-0.305172	-0.104646	-0.946530	robot
-0.253379	-0.032052	-0.966836	-0.422684	0.112022	-0.899327	vent
-0.043528	0.989764	-0.135913	-0.061398	-0.047831	-0.996967	vent
0.163049	-0.717372	-0.677342	0.669195	-0.672865	-0.315326	robot
-0.986022	0.150561	-0.071352	0.945391	0.180943	-0.271101	vent
-0.234575	0.092151	-0.967720	-0.365389	0.214571	-0.905787	vent
-0.072947	0.982674	-0.170383	0.017406	-0.109514	-0.993833	vent
0.200351	-0.707528	-0.677690	0.764607	-0.574966	-0.291188	vent
-0.113330	-0.991664	-0.061315	0.960789	0.127981	-0.245977	vent
-0.243389	0.124413	-0.961916	-0.399032	0.217613	-0.890740	vent
-0.082350	0.982713	-0.165815	-0.023886	-0.021828	-0.999476	robot
0.124764	-0.698599	-0.704552	0.726397	-0.650106	-0.222956	vent
-0.136547	-0.985688	-0.098866	0.936473	0.168704	-0.307502	vent
-0.291734	0.234966	-0.927190	0.500249	-0.288067	-0.816559	vent
0.156810	-0.063883	-0.985561	-0.010912	-0.000105	-0.999940	vent
0.133038	-0.730231	-0.670122	0.729497	0.187488	-0.657785	vent
-0.985264	0.130476	-0.110595	-0.322638	-0.124559	-0.938291	vent
0.166757	-0.923658	-0.345034	-0.551875	0.160545	-0.818327	vent
0.081676	0.090172	-0.992571	-0.147376	0.160210	-0.976019	vent
0.132315	-0.736758	-0.663084	0.729862	0.090958	-0.677517	vent
-0.135212	-0.964254	-0.227887	0.471232	0.153194	-0.868604	vent
0.343904	-0.152866	-0.926478	0.101671	-0.814837	-0.570705	vent
-0.049501	-0.188417	-0.980841	0.209280	-0.058221	-0.976121	vent
0.135069	-0.685786	-0.715160	0.712155	-0.635229	-0.298862	vent
-0.137459	-0.942179	-0.305620	0.761036	0.127179	-0.636121	vent
-0.186647	-0.918619	-0.348284	0.166294	-0.791561	-0.588029	vent
0.024001	-0.222304	-0.974682	0.275758	0.030069	-0.960757	vent
0.167755	-0.695389	-0.698779	0.711496	-0.620835	-0.329146	vent
0.306629	0.130374	-0.942858	-0.778814	0.190206	-0.597721	vent
0.147611	-0.918366	-0.367173	0.160599	-0.788250	-0.594028	vent
0.052912	-0.232517	-0.971152	0.292647	-0.042561	-0.955273	vent
0.128118	-0.706713	-0.695804	0.705994	-0.600515	-0.375440	robot
0.313340	0.107052	-0.943588	-0.210568	-0.787880	-0.578711	vent
0.205871	-0.916898	-0.341928	0.778720	0.309519	-0.545704	robot
-0.014443	0.312859	-0.949690	0.280960	-0.123655	-0.951720	floor
0.143555	-0.709604	-0.689822	0.746505	0.207313	-0.632259	vent
0.315535	0.111189	-0.942377	-0.775900	0.170922	-0.607261	robot
0.196912	-0.920552	-0.337357	0.779048	0.259513	-0.570734	robot
0.014462	-0.226982	-0.973792	0.303446	-0.045129	-0.951779	floor
0.152031	-0.711626	-0.685912	0.707095	-0.666274	-0.236845	vent
0.303742	0.091717	-0.948329	-0.108862	-0.832533	-0.543174	robot
-0.310070	0.172765	-0.934884	0.798899	0.296266	-0.523437	robot
-0.036531	-0.207083	-0.977641	-0.958997	0.129368	-0.252169	window
-0.678009	-0.701298	-0.220193	0.769691	0.142970	-0.622202	vent
-0.108383	-0.946122	-0.305134	-0.776198	0.102234	-0.622145	robot
-0.288354	0.178140	-0.940807	0.465547	-0.361008	-0.808046	robot
-0.027892	-0.191616	-0.981073	0.252324	-0.041097	-0.966770	robot
0.137382	-0.692995	-0.707732	0.711947	-0.634120	-0.301700	vent
-0.310117	-0.087871	-0.946629	-0.560760	-0.001387	-0.827977	robot
-0.346798	0.208025	-0.914580	-0.629719	0.265274	-0.730126	vent
0.014602	0.250445	-0.968021	0.248216	-0.065064	-0.966517	robot
0.179101	-0.733954	-0.655160	0.735472	0.119403	-0.666952	vent
0.128489	-0.937060	-0.324668	0.793511	0.128875	-0.594754	robot
0.364100	-0.252834	-0.896385	-0.615524	0.252612	-0.746537	vent
0.007352	0.262206	-0.964984	0.265386	-0.052888	-0.962690	robot
0.094394	0.647822	-0.755921	0.685690	-0.683965	-0.249043	vent
0.116788	-0.948978	-0.292918	0.818195	0.157126	-0.553053	robot
0.854479	0.348399	-0.385337	0.724632	0.243607	-0.644642	robot
0.026133	0.262917	-0.964464	0.228094	-0.093205	-0.969168	window
0.101344	-0.742549	-0.662080	0.699865	0.150600	-0.698218	vent
0.099266	-0.951170	-0.292271	0.106512	-0.804435	-0.584414	robot
0.852583	0.317733	-0.414907	0.127827	-0.714597	-0.687759	robot
0.036772	0.307634	-0.950794	0.208236	-0.127847	-0.969687	robot
0.125452	-0.704695	-0.698332	0.809659	0.157641	-0.565333	vent
-0.118140	-0.949259	-0.291463	-0.796670	0.141930	-0.587513	robot
0.841527	0.342084	-0.418104	0.722954	0.201430	-0.660880	robot
-0.020075	-0.249573	-0.968148	0.220416	-0.085719	-0.971632	robot
0.164155	-0.706969	-0.687930	0.736836	-0.546305	-0.398275	vent
-0.111581	-0.952472	-0.283454	-0.835337	0.161184	-0.525578	robot
-0.437312	0.316658	-0.841716	0.638657	-0.112238	-0.761262	robot
0.036313	0.246846	-0.968374	0.957617	-0.145034	-0.248868	robot
0.171203	-0.706256	-0.686944	0.714762	-0.419307	-0.559729	robot
0.278108	0.108706	-0.954379	-0.790335	0.193718	-0.581244	robot
-0.314231	-0.855003	-0.412589	0.143048	-0.731850	-0.666283	robot
-0.009006	-0.213838	-0.976828	0.240616	-0.073226	-0.967854	robot
0.088857	-0.711857	-0.696681	0.682613	-0.495287	-0.537336	robot
0.266717	0.099867	-0.958587	-0.157824	-0.836319	-0.525035	robot
-0.787738	0.449140	-0.421595	0.716080	0.196304	-0.669847	robot
-0.010473	-0.207721	-0.978132	0.252021	-0.037889	-0.966980	robot
0.137819	-0.694439	-0.706230	0.676700	-0.613288	-0.407375	robot
0.243397	0.093617	-0.965398	-0.839724	0.217944	-0.497357	vent
-0.770773	0.440179	-0.460599	0.108793	-0.721872	-0.683422	robot
0.006319	-0.232451	-0.972588	0.290439	-0.088333	-0.952808	robot
0.114453	-0.749122	-0.652470	0.588948	-0.604737	-0.536128	robot
0.298419	-0.017652	-0.954272	0.820676	0.095361	-0.563380	vent
-0.819809	0.365007	-0.441229	0.669382	-0.095173	-0.736797	robot
0.028658	-0.206241	-0.978081	0.289099	-0.002278	-0.957297	robot
0.092836	0.588960	-0.802813	0.552534	-0.617321	-0.560019	robot
0.314448	-0.034213	-0.948658	0.819869	0.112436	-0.561403	window
-0.846156	0.357430	-0.395304	0.584500	-0.064233	-0.808847	window
0.027729	-0.200208	-0.979361	0.288687	0.015768	-0.957294	robot
-0.081858	-0.178087	-0.980604	0.368389	0.488485	-0.790995	window
0.336417	-0.023908	-0.941409	-0.585798	-0.086178	-0.805862	window
-0.858269	0.319590	-0.401543	0.048953	-0.792842	-0.607458	window
0.024385	-0.229749	-0.972944	0.296707	-0.022879	-0.954695	robot
-0.184077	0.253714	-0.949602	0.435452	0.244361	-0.866412	window
0.028779	-0.943811	-0.329231	-0.611982	-0.026027	-0.790444	window
0.852380	0.343641	-0.394156	0.113475	-0.766198	-0.632506	robot
-0.094768	0.288416	-0.952804	0.325624	-0.059007	-0.943656	robot
-0.166917	0.265285	-0.949612	0.397786	0.123147	-0.909176	window
0.322141	-0.003340	-0.946686	-0.815230	0.162060	-0.556001	window
0.867468	0.294331	-0.401084	0.097331	-0.737817	-0.667946	robot
-0.100817	0.324422	-0.940525	-0.379949	0.175305	-0.908244	robot
0.028006	0.047881	-0.998460	-0.927155	0.294427	-0.231726	window
0.060354	-0.944868	-0.321841	-0.569982	0.012651	-0.821560	window
0.230109	-0.890104	-0.393402	-0.629018	0.097733	-0.771223	window
-0.165089	0.359481	-0.918433	-0.445448	0.286875	-0.848103	window
0.028006	0.047881	-0.998460	-0.927155	0.294427	-0.231726	window
0.060354	-0.944868	-0.321841	-0.569982	0.012651	-0.821560	window
0.233834	-0.891368	-0.388310	-0.626931	0.099902	-0.772643	robot
-0.165089	0.359481	-0.918433	-0.445448	0.286875	-0.848103	robot
0.022210	0.041760	-0.998881	-0.920255	0.311047	-0.237447	window
0.060354	-0.944868	-0.321841	-0.569982	0.012651	-0.821560	window
0.233834	-0.891368	-0.388310	-0.626931	0.099902	-0.772643	robot
-0.165089	0.359481	-0.918433	-0.445448	0.286875	-0.848103	robot
0.019064	0.030774	-0.999345	-0.911235	0.332066	-0.243686	window
0.064044	-0.945908	-0.318050	-0.568508	0.014804	-0.822545	window
0.233834	-0.891368	-0.388310	-0.626931	0.099902	-0.772643	robot
-0.170072	0.350242	-0.921090	-0.452421	0.293746	-0.842038	robot
0.013586	0.021658	-0.999673	-0.902060	0.353035	-0.248301	window
0.064044	-0.945908	-0.318050	-0.568508	0.014804	-0.822545	window
0.233834	-0.891368	-0.388310	-0.626931	0.099902	-0.772643	robot
-0.170072	0.350242	-0.921090	-0.452421	0.293746	-0.842038	robot
0.019064	0.030774	-0.999345	-0.911235	0.332066	-0.243686	window
0.067636	-0.946828	-0.314550	-0.565795	0.016269	-0.824385	window
0.238788	-0.892320	-0.383072	-0.624422	0.102272	-0.774363	robot
-0.170072	0.350242	-0.921090	-0.452421	0.293746	-0.842038	robot
0.190897	0.365846	-0.910887	0.344066	0.189991	-0.919523	robot
0.208935	-0.938229	-0.275812	-0.114419	-0.809906	-0.575292	robot
-0.143943	-0.537172	-0.831099	-0.659672	-0.502811	-0.558582	robot
0.324659	-0.686531	-0.650594	0.548908	-0.751231	-0.366541	robot
0.210776	0.252376	-0.944394	-0.475688	-0.027982	-0.879169	robot
-0.204860	-0.528576	-0.823796	-0.698810	-0.489144	-0.521922	robot
0.620589	0.371943	-0.690310	0.577437	-0.737110	-0.351049	robot
0.185578	0.590919	-0.785096	0.514201	0.317861	-0.796593	robot
0.862887	-0.497629	-0.088267	0.832629	0.537178	-0.134793	vent
0.306290	-0.736152	-0.603545	0.449340	0.332838	-0.829043	robot
-0.779941	-0.601934	-0.171367	0.530351	-0.791058	-0.304886	robot
0.048634	-0.238032	-0.970039	-0.215509	-0.132648	-0.967450	vent
0.844540	0.253380	-0.471752	0.071640	0.555721	-0.828277	vent
0.142121	0.527097	-0.837837	0.461511	0.240283	-0.853974	robot
-0.068216	0.442786	-0.894029	0.385622	0.177693	-0.905384	vent
0.234046	0.404653	-0.884013	0.410209	0.333565	-0.848801	vent
0.130646	0.434113	-0.891335	0.419162	0.223349	-0.880010	vent
-0.112920	0.420349	-0.900309	0.280078	0.165950	-0.945525	robot
0.179861	0.043711	-0.982720	0.349872	0.076296	-0.933686	vent
0.126991	0.439098	-0.889419	0.442731	0.202759	-0.873429	vent
-0.056310	0.353690	-0.933666	-0.299113	-0.082869	-0.950613	vent
0.338838	-0.729175	-0.594553	0.464288	0.365726	-0.806648	robot
0.217791	0.363147	-0.905920	0.523147	0.151972	-0.838583	vent
-0.066491	0.337858	-0.938846	-0.311590	-0.020740	-0.949990	vent
-0.463435	-0.872602	-0.154254	0.620363	-0.648436	-0.441226	robot
0.245619	-0.936077	-0.251856	-0.142929	-0.823864	-0.548469	vent
-0.042447	0.291445	-0.955645	-0.336999	0.068087	-0.939040	vent
0.479390	-0.540971	-0.691039	0.617226	-0.508888	-0.600054	robot
0.283863	0.187659	-0.940322	0.574876	0.218603	-0.788499	vent
0.080991	0.069157	-0.994313	0.921216	0.149428	-0.359211	vent
0.457569	-0.537744	-0.708140	0.618481	-0.531799	-0.578508	robot
-0.215079	-0.941018	-0.261201	-0.145571	-0.814231	-0.561994	vent
0.037037	0.001669	-0.999312	-0.212569	-0.068419	-0.974748	vent
0.448001	-0.498576	-0.742103	0.628881	-0.531022	-0.567913	robot
0.221352	-0.937036	-0.270124	-0.129994	-0.811697	-0.569429	vent
-0.796423	0.602473	-0.052316	0.926121	0.211848	-0.312122	vent
0.442090	-0.505012	-0.741295	0.609084	-0.578272	-0.542787	robot
0.237655	-0.921698	-0.306583	0.102648	-0.794485	-0.598546	vent
-0.369132	-0.511411	-0.776016	-0.303067	-0.904449	-0.300203	robot
0.454457	-0.493518	-0.741558	0.627488	-0.563802	-0.537016	robot
0.237073	-0.931518	-0.275807	0.097640	-0.812551	-0.574654	vent
-0.692334	0.721096	-0.026373	0.776153	0.493052	-0.393048	robot
0.437691	-0.497771	-0.748766	0.622612	-0.565018	-0.541395	robot
-0.185770	-0.946063	-0.265433	-0.144846	-0.813975	-0.562552	vent
-0.170657	-0.431354	-0.885895	-0.127952	0.230791	-0.964554	window
0.448718	-0.488368	-0.748431	0.626488	-0.553843	-0.548425	robot
-0.175464	-0.951376	-0.253170	-0.111736	-0.819854	-0.561564	vent
0.241812	-0.003905	-0.970315	-0.054662	-0.101868	-0.993295	window
0.431594	-0.501797	-0.749618	0.615967	-0.568574	-0.545260	robot
-0.184863	-0.944760	-0.270654	-0.109231	-0.801431	-0.588029	vent
0.225595	-0.005537	-0.974205	-0.098353	-0.092878	-0.990808	robot
0.416552	-0.484070	-0.769520	0.600428	-0.568708	-0.562190	robot
-0.154423	-0.952513	-0.262435	-0.131747	-0.810672	-0.570486	vent
0.169218	0.108148	-0.979627	-0.189069	-0.094987	-0.977359	robot
0.422709	-0.482810	-0.766950	0.599262	-0.594589	-0.536049	robot
-0.178434	-0.946887	-0.267520	-0.162954	-0.803785	-0.572168	vent
0.178140	0.062876	-0.981994	0.159152	0.353401	-0.921834	robot
0.414785	-0.478022	-0.774241	0.626526	-0.556571	-0.545613	robot
-0.198572	-0.948764	-0.245798	-0.805901	0.225346	-0.547488	vent
0.214151	0.120922	-0.969287	-0.135822	-0.259372	-0.956179	floor
0.430833	-0.459755	-0.776536	0.657313	-0.559470	-0.504909	robot
-0.210423	-0.945086	-0.250069	-0.788369	0.230167	-0.570524	window
0.232706	0.118210	-0.965336	-0.100578	-0.186191	-0.977352	robot
0.435754	-0.455815	-0.776113	0.650485	-0.531477	-0.542588	robot
-0.178894	-0.944638	-0.275055	-0.160090	-0.796542	-0.583003	robot
0.225234	0.128802	-0.965753	-0.113700	-0.117538	-0.986538	robot
0.407555	-0.467867	-0.784219	0.625366	-0.546439	-0.557066	robot
-0.198034	-0.939243	-0.280366	-0.146092	-0.785074	-0.601926	robot
0.235661	0.090239	-0.967637	-0.082588	0.027067	-0.996216	robot
0.419867	-0.449845	-0.788258	0.649544	-0.535874	-0.539381	robot
0.167596	0.941332	-0.292925	-0.122436	-0.793782	-0.595751	robot
0.259403	0.133131	-0.956549	-0.075187	-0.054091	-0.995701	robot
0.431904	-0.455897	-0.778214	0.622025	-0.563560	-0.543585	robot
-0.195498	-0.937417	-0.288148	-0.152101	-0.784454	-0.601247	robot
0.254731	0.068544	-0.964580	-0.080157	0.017693	-0.996625	robot
0.447462	-0.447015	-0.774568	0.647619	-0.558766	-0.518044	robot
0.189905	-0.936738	-0.294037	-0.115278	-0.796820	-0.593118	robot
0.237449	0.064554	-0.969253	-0.070654	-0.003037	-0.997496	robot
0.437195	-0.475885	-0.763147	0.630027	-0.566802	-0.530850	robot
0.213751	-0.933103	-0.289186	0.784751	0.120694	-0.607946	robot
0.229681	0.049909	-0.971985	-0.110483	-0.004566	-0.993868	robot
0.403235	-0.494708	-0.769848	0.610186	-0.597589	-0.520154	robot
0.297002	0.229962	-0.926773	-0.598859	-0.053821	-0.799044	robot
0.243804	0.089280	-0.965706	-0.056327	0.012911	-0.998329	robot
0.369300	-0.526111	-0.766045	0.553586	-0.634978	-0.538837	window
0.283295	0.212673	-0.935155	-0.594798	-0.055715	-0.801942	robot
0.223214	0.064354	-0.972643	-0.087838	-0.051366	-0.994810	robot
0.409558	-0.515851	-0.752436	0.576447	-0.594897	-0.560184	window
0.257094	-0.051253	-0.965026	0.512315	0.244724	-0.823191	robot
0.198163	0.064297	-0.978058	-0.102030	-0.022967	-0.994516	robot
0.409558	-0.515851	-0.752436	0.576447	-0.594897	-0.560184	window
0.248973	-0.041600	-0.967617	0.508018	0.239825	-0.827286	robot
0.198163	0.064297	-0.978058	-0.102030	-0.022967	-0.994516	robot
0.409558	-0.515851	-0.752436	0.576447	-0.594897	-0.560184	robot
0.247412	-0.065944	-0.966664	0.498809	0.235401	-0.834132	robot
0.194031	0.069978	-0.978496	-0.112913	-0.068930	-0.991211	robot
0.409558	-0.515851	-0.752436	0.576447	-0.594897	-0.560184	robot
0.242731	-0.073199	-0.967328	0.491950	0.229413	-0.839854	robot
0.199444	0.059143	-0.978123	-0.107850	-0.065932	-0.991979	robot
0.409558	-0.515851	-0.752436	0.576447	-0.594897	-0.560184	robot
0.242731	-0.073199	-0.967328	0.491950	0.229413	-0.839854	robot
0.199444	0.059143	-0.978123	-0.107850	-0.065932	-0.991979	robot
0.409558	-0.515851	-0.752436	0.576447	-0.594897	-0.560184	robot
0.242731	-0.073199	-0.967328	0.491950	0.229413	-0.839854	robot
0.199444	0.059143	-0.978123	-0.107850	-0.065932	-0.991979	robot
-0.418568	-0.000801	-0.908185	0.584450	0.252218	-0.771236	robot
-0.053595	-0.969488	-0.239210	-0.273335	0.080456	-0.958548	robot
0.582606	0.589392	-0.559631	0.591156	0.418774	-0.689321	robot
0.387926	0.353924	-0.851030	0.693662	-0.056374	-0.718091	robot
0.025521	-0.035566	-0.999041	-0.109016	0.046142	-0.992969	robot
0.584591	0.612725	-0.531810	0.585448	0.453261	-0.672165	robot
-0.468821	-0.612691	-0.636252	0.874886	0.085421	-0.476737	robot
0.030496	0.350185	-0.936184	0.253022	0.192171	-0.948183	robot
0.685524	0.541619	-0.486525	0.679673	0.404546	-0.611872	robot
-0.517252	-0.463206	-0.719646	0.748993	-0.480312	-0.456410	robot
-0.137950	0.457317	-0.878539	-0.182195	-0.145854	-0.972384	robot
0.571992	0.357484	-0.738262	0.664742	-0.644655	-0.377543	robot
0.515013	0.099505	-0.851388	0.638501	-0.568077	-0.519235	robot
-0.028252	-0.235123	-0.971555	-0.217478	-0.092415	-0.971680	robot
0.560192	-0.645229	-0.519486	0.669591	-0.577739	-0.466761	vent
0.552132	0.124927	-0.824345	0.539303	-0.651973	-0.532995	robot
0.101849	0.325851	-0.939919	0.334772	0.118582	-0.934808	vent
0.679540	0.719933	-0.141142	0.889262	0.396349	-0.228300	vent
0.614467	-0.434529	-0.658495	0.898679	0.103656	-0.426183	robot
0.141285	0.373748	-0.916706	0.379117	0.142052	-0.914380	vent
0.643848	-0.741668	-0.188116	0.792494	0.600633	-0.105795	vent
0.585278	-0.592012	-0.554050	0.718190	-0.324410	-0.615598	robot
0.800581	0.297238	-0.520308	0.544955	-0.811418	-0.211247	vent
0.572737	-0.785044	-0.235962	0.716380	0.678871	-0.161039	vent
0.535411	-0.648215	-0.541435	0.691076	-0.412483	-0.593525	robot
-0.874606	-0.466917	-0.130588	0.475706	-0.858564	-0.191238	vent
-0.371122	-0.904781	-0.208902	0.324470	-0.693340	-0.643428	vent
0.645468	0.486809	-0.588548	-0.451913	0.550865	-0.701657	vent
-0.190771	-0.197330	-0.961596	0.407345	0.080307	-0.909737	vent
-0.262218	-0.900520	-0.346851	0.309564	-0.581673	-0.752214	vent
0.566775	0.506598	-0.649711	-0.474982	0.556081	-0.682031	vent
-0.271031	-0.036967	-0.961861	-0.476126	-0.008526	-0.879336	vent
-0.269760	-0.889719	-0.368280	0.261942	-0.534946	-0.803256	vent
0.548120	0.506987	-0.665228	-0.495638	0.574346	-0.651513	vent
-0.246900	-0.034866	-0.968414	-0.465429	0.001862	-0.885083	vent
-0.217319	-0.868203	-0.446089	0.330390	-0.638180	-0.695391	vent
0.544262	-0.606737	-0.579352	-0.407725	0.645395	-0.645930	vent
-0.241050	-0.023369	-0.970231	-0.460039	0.049502	-0.886518	robot
0.466074	-0.875242	-0.129329	0.337646	0.584594	-0.737730	vent
0.544464	-0.580757	-0.605211	-0.337136	0.691542	-0.638834	vent
-0.242553	-0.012524	-0.970057	-0.462510	0.006531	-0.886590	robot
-0.859220	0.455241	-0.233448	0.332618	-0.014762	-0.942946	robot
0.568825	-0.576085	-0.586996	-0.321308	0.688203	-0.650491	vent
-0.251518	0.030211	-0.967381	-0.467404	0.067902	-0.881432	robot
-0.537959	0.146199	-0.830196	-0.697496	0.169338	-0.696293	robot
0.637515	0.547289	-0.542262	-0.459783	0.662786	-0.591028	vent
-0.268819	0.018458	-0.963014	-0.486411	0.025885	-0.873347	robot
-0.532379	0.276994	-0.799905	-0.661532	0.301329	-0.686714	robot
-0.713156	0.477112	-0.513588	-0.643957	0.512721	-0.567835	vent
-0.261469	0.018512	-0.965034	-0.497801	0.049960	-0.865851	robot
-0.161748	0.075808	-0.983916	-0.266820	0.105627	-0.957941	robot
-0.721646	0.489801	-0.489205	-0.643522	0.497312	-0.581859	vent
-0.228625	0.014973	-0.973399	-0.469172	0.021823	-0.882837	robot
-0.094692	0.189761	-0.977253	-0.210510	0.131311	-0.968733	robot
-0.730729	0.503075	-0.461467	-0.667925	0.484441	-0.564972	robot
-0.230860	0.019544	-0.972791	-0.457576	0.014995	-0.889044	robot
-0.127917	0.247695	-0.960356	-0.239745	0.203339	-0.949303	robot
-0.708573	0.510443	-0.487209	-0.626411	0.545060	-0.557243	robot
-0.239081	0.031952	-0.970474	-0.474286	0.062537	-0.878147	robot
0.260889	-0.412695	-0.872708	0.412448	-0.356274	-0.838424	robot
0.692704	0.517257	-0.502600	-0.583638	0.575695	-0.572662	robot
-0.246843	0.023244	-0.968777	-0.481913	0.038709	-0.875364	robot
0.268212	-0.418260	-0.867826	0.424139	-0.367175	-0.827821	robot
0.694736	0.515183	-0.501924	-0.592718	0.570146	-0.568876	robot
-0.256926	0.021335	-0.966196	-0.483610	0.029603	-0.874783	robot
0.237896	-0.411977	-0.879591	0.406602	-0.380008	-0.830824	robot
0.682487	0.519655	-0.513975	-0.556245	0.591612	-0.583597	robot
-0.246687	0.017751	-0.968933	-0.478412	0.022998	-0.877834	robot
0.213399	-0.387277	-0.896927	0.362225	-0.374116	-0.853716	robot
0.683779	0.523290	-0.508541	-0.554862	0.600650	-0.575628	robot
-0.260056	-0.004984	-0.965581	-0.492313	-0.039898	-0.869503	robot
0.205039	-0.372512	-0.905093	-0.349955	0.351105	-0.868479	robot
0.677242	0.520214	-0.520309	-0.550871	0.594059	-0.586204	robot
-0.253334	0.007306	-0.967351	-0.482402	0.001766	-0.875948	robot
0.226270	-0.381714	-0.896157	-0.372087	0.349409	-0.859922	robot
0.673230	0.517693	-0.527973	-0.546238	0.573799	-0.610228	robot
-0.252528	0.005901	-0.967572	-0.483742	-0.004568	-0.875199	robot
0.236699	-0.394785	-0.887761	-0.384652	0.368419	-0.846351	robot
0.684198	0.498802	-0.532044	-0.579453	0.536519	-0.613499	robot
-0.242421	0.027754	-0.969774	-0.485002	0.042892	-0.873461	robot
0.240541	-0.395214	-0.886536	0.389800	-0.367865	-0.844234	robot
0.677631	0.510130	-0.529701	-0.567657	0.540983	-0.620567	robot
-0.239258	0.022880	-0.970687	-0.474515	0.016311	-0.880096	robot
0.243993	-0.397180	-0.884712	0.393710	-0.369640	-0.841640	robot
0.669603	0.508282	-0.541555	-0.557051	0.532075	-0.637644	robot
-0.238306	0.017316	-0.971036	-0.472706	0.013532	-0.881116	robot
0.246540	-0.401519	-0.882043	0.398803	-0.373428	-0.837561	robot
0.671953	0.502425	-0.544103	-0.558332	0.526068	-0.641496	robot
-0.249505	0.027628	-0.967979	-0.478241	0.024221	-0.877894	robot
0.267528	-0.407334	-0.873217	0.420806	-0.372807	-0.827005	robot
0.672666	0.506028	-0.539866	-0.564727	0.515889	-0.644159	robot
-0.249505	0.027628	-0.967979	-0.478241	0.024221	-0.877894	robot
0.270728	-0.407486	-0.872159	0.422977	-0.370256	-0.827044	robot
0.671953	0.502425	-0.544103	-0.558332	0.526068	-0.641496	robot
-0.249505	0.027628	-0.967979	-0.478241	0.024221	-0.877894	robot
0.276513	-0.412990	-0.867744	0.431750	-0.371427	-0.821969	robot
0.679051	0.494709	-0.542358	-0.571186	0.520694	-0.634527	robot
-0.244405	0.026773	-0.969304	-0.474056	0.026720	-0.880089	robot
0.276513	-0.412990	-0.867744	0.431750	-0.371427	-0.821969	robot
0.679884	0.498167	-0.538133	-0.576864	0.510272	-0.637848	robot
-0.249505	0.027628	-0.967979	-0.478241	0.024221	-0.877894	robot
0.279970	-0.412990	-0.866635	0.434165	-0.368787	-0.821886	robot
0.687835	0.493500	-0.532298	-0.595741	0.492628	-0.634358	robot
-0.244405	0.026773	-0.969304	-0.474056	0.026720	-0.880089	robot
0.279970	-0.412990	-0.866635	0.434165	-0.368787	-0.821886	robot
