1 0.805853 -0.556251 -0.202942 0.801659 -0.476116 -0.361464 
2 -0.974633 -0.127442 -0.183979 -0.983034 -0.111113 -0.145939 
3 0.119534 -0.295368 -0.947876 -0.205968 -0.065618 -0.976356 
4 0.819495 -0.571831 -0.037919 -0.433045 0.349092 -0.831028 
5 -0.352172 -0.658373 -0.665222 -0.745120 0.240279 -0.622143 
1 0.828231 -0.531543 -0.177471 -0.810501 0.472607 -0.346021 
2 -0.951697 -0.137616 -0.274470 -0.966273 -0.107083 -0.234201 
3 -0.129670 0.376515 -0.917291 -0.168278 -0.225646 -0.959566 
4 0.806733 -0.587820 -0.060407 0.825641 -0.429507 -0.365843 
5 -0.390522 -0.646507 -0.655378 -0.617371 0.283287 -0.733895 
1 0.836351 -0.532280 -0.131129 0.816532 -0.492990 -0.300395 
2 -0.921906 -0.161181 -0.352294 -0.935842 -0.141429 -0.322796 
3 -0.167039 0.621878 -0.765092 0.278241 0.427504 -0.860129 
4 0.121943 0.519333 -0.845827 -0.268869 0.348548 -0.897900 
5 -0.445891 -0.606743 -0.658061 -0.692951 -0.649310 -0.313395 
1 0.821259 -0.565304 -0.077242 -0.800850 0.545832 -0.246385 
2 -0.920949 0.158179 -0.356135 -0.935091 -0.175368 -0.307980 
3 -0.600523 -0.740590 -0.301495 0.357727 -0.707224 -0.609809 
4 0.839620 -0.540845 -0.050256 -0.377063 0.276843 -0.883844 
5 -0.423280 -0.604057 -0.675240 -0.679144 -0.660167 -0.320846 
1 0.796872 -0.550728 -0.248382 0.771667 -0.535767 -0.342760 
2 -0.157620 -0.306563 -0.938709 -0.972204 0.136686 -0.190096 
3 -0.529573 -0.709628 -0.464737 0.399303 -0.671089 -0.624657 
4 0.830823 -0.555376 -0.035933 0.844009 -0.366696 -0.391386 
5 -0.514675 0.523847 -0.678744 -0.781111 -0.519814 -0.345918 
1 0.792768 -0.568565 -0.219667 0.792456 -0.543404 -0.276996 
2 -0.127014 -0.273981 -0.953311 -0.982358 0.106921 -0.153428 
3 -0.419806 -0.568208 -0.707744 0.484508 -0.681167 -0.548875 
4 0.811629 -0.583872 -0.018740 -0.457051 0.289746 -0.840923 
5 -0.501429 0.549582 -0.668228 -0.791648 -0.515818 -0.327452 
1 0.830482 -0.555669 -0.039127 -0.839139 0.543909 -0.002978 
2 -0.972542 0.113346 -0.203261 0.989580 -0.092241 -0.110560 
3 -0.584844 -0.720873 -0.371886 0.453004 -0.710922 -0.537939 
4 0.922948 -0.378185 -0.071710 -0.912553 0.353109 -0.206301 
5 -0.522400 -0.506388 -0.686054 -0.771497 -0.557626 -0.306342 
1 0.824152 -0.531843 -0.194721 0.822701 -0.539144 -0.180243 
2 -0.959985 0.123820 -0.251192 -0.980058 -0.106689 -0.167644 
3 -0.656779 -0.701410 -0.276883 0.468844 -0.741575 -0.479846 
4 -0.095546 0.011716 -0.995356 -0.033611 -0.011970 -0.999363 
5 -0.475575 -0.528934 -0.702892 -0.711772 -0.590473 -0.380424 
1 0.818414 -0.521576 -0.241156 0.809829 -0.532067 -0.247147 
2 -0.944939 -0.149863 -0.290914 -0.963861 -0.128146 -0.233563 
3 -0.141151 0.649794 -0.746889 0.429328 0.357232 -0.829496 
4 0.104481 -0.077958 -0.991467 -0.059068 -0.099602 -0.993273 
5 -0.455114 -0.560413 -0.691960 -0.709292 0.334536 -0.620476 
1 0.800146 -0.544329 -0.251937 0.794596 -0.514043 -0.323075 
2 -0.961475 -0.155739 -0.226521 -0.976529 -0.126075 -0.174633 
3 -0.045069 0.538580 -0.841368 0.376719 0.216283 -0.900724 
4 0.089036 0.009064 -0.995987 -0.069968 0.055571 -0.996000 
5 -0.395626 -0.611817 -0.684952 -0.703250 0.262097 -0.660867 
1 0.797880 -0.511331 -0.319263 -0.782107 0.437561 -0.443676 
2 -0.956903 -0.169865 -0.235549 -0.976817 -0.137905 -0.163739 
3 -0.033837 0.478476 -0.877449 0.374809 0.121438 -0.919114 
4 0.110744 0.053292 -0.992419 -0.033843 0.050356 -0.998158 
5 -0.405355 -0.605085 -0.685244 -0.684173 0.241220 -0.688273 
1 0.801357 -0.508707 -0.314712 0.758352 -0.505014 -0.412144 
2 -0.957153 -0.161240 -0.240541 -0.976403 -0.129725 -0.172652 
3 -0.065264 0.442535 -0.894373 -0.299247 -0.161935 -0.940334 
4 0.124527 0.007131 -0.992191 -0.054600 0.050012 -0.997255 
5 -0.496690 -0.574153 -0.650882 -0.719867 0.287661 -0.631698 
1 0.791296 -0.527206 -0.309684 0.752353 -0.530135 -0.391052 
2 -0.954110 -0.149990 -0.259185 -0.974784 -0.119287 -0.188592 
3 -0.060436 0.414097 -0.908224 -0.269338 -0.160274 -0.949615 
4 0.114377 0.053663 -0.991987 -0.041947 0.083173 -0.995652 
5 -0.498544 -0.575840 -0.647967 -0.739532 0.296835 -0.604137 
1 0.774658 -0.556015 -0.301251 0.773619 -0.515013 -0.369155 
2 0.955551 -0.148152 -0.254899 -0.975609 -0.122397 -0.182228 
3 -0.068992 0.470502 -0.879697 0.313593 0.238773 -0.919047 
4 0.119574 0.062115 -0.990880 -0.031616 0.109898 -0.993440 
5 -0.478014 -0.575317 -0.663711 -0.729343 0.305460 -0.612171 
1 0.791650 -0.592225 -0.150199 0.798811 -0.587512 -0.129350 
2 0.955271 -0.150622 -0.254500 -0.975824 -0.121957 -0.181367 
3 -0.046976 0.434384 -0.899502 -0.310144 -0.165161 -0.936233 
4 0.091079 0.057327 -0.994192 -0.078349 0.080953 -0.993634 
5 -0.480612 -0.589685 -0.649064 -0.728823 0.281615 -0.624107 
1 0.747561 -0.615232 -0.250285 0.759920 -0.574514 -0.304063 
2 0.957450 -0.145709 -0.249114 -0.976486 -0.117757 -0.180577 
3 -0.066458 0.411144 -0.909145 -0.262097 -0.170092 -0.949934 
4 0.086514 0.021648 -0.996015 -0.140593 0.105931 -0.984384 
5 -0.475936 -0.571352 -0.668612 -0.727805 0.309812 -0.611814 
1 0.746912 -0.626446 -0.222908 0.742314 -0.573414 -0.346650 
2 -0.955827 -0.155370 -0.249510 -0.974007 -0.127236 -0.187404 
3 -0.072327 0.382078 -0.921295 -0.248528 -0.166912 -0.954135 
4 0.044023 0.021206 -0.998805 -0.158208 0.067331 -0.985108 
5 -0.443967 -0.592447 -0.672235 -0.707982 0.290497 -0.643718 
1 0.748000 -0.616833 -0.244974 0.749574 -0.550359 -0.367755 
2 -0.958185 -0.156342 -0.239664 -0.974043 -0.126757 -0.187547 
3 -0.070264 0.384332 -0.920517 -0.260789 -0.157578 -0.952448 
4 0.044050 0.046240 -0.997959 -0.210203 0.088310 -0.973661 
5 -0.458274 -0.573148 -0.679328 -0.716154 0.275474 -0.641278 
1 -0.634521 0.631149 -0.446133 -0.676828 -0.347329 -0.649051 
2 0.972598 -0.140812 -0.185000 -0.985257 -0.124788 -0.117032 
3 -0.079858 0.385869 -0.919091 -0.264519 -0.139483 -0.954240 
4 0.014337 0.080967 -0.996614 -0.247584 0.118729 -0.961564 
5 -0.444365 -0.571243 -0.690088 -0.718297 0.333504 -0.610594 
1 -0.624738 0.631409 -0.459374 0.214129 0.198861 -0.956349 
2 0.967103 -0.138264 -0.213532 -0.983612 -0.122077 -0.132681 
3 -0.116689 0.479127 -0.869954 0.254995 0.181783 -0.949701 
4 0.008598 0.077811 -0.996931 -0.233065 0.078425 -0.969294 
5 -0.465969 -0.552996 -0.690702 -0.727578 0.345372 -0.592747 
1 0.716560 -0.622831 -0.314043 0.739005 -0.574691 -0.351571 
2 0.951961 -0.169568 -0.254984 -0.974702 -0.150215 -0.165504 
3 -0.101067 0.418960 -0.902362 0.285774 0.150451 -0.946413 
4 -0.002910 0.051262 -0.998681 -0.261456 0.069046 -0.962743 
5 -0.417961 -0.566213 -0.710430 -0.700125 0.342444 -0.626543 
1 -0.617021 0.648383 -0.445965 -0.856531 -0.471549 -0.209751 
2 0.968498 -0.164538 -0.186920 -0.983329 -0.146388 -0.107862 
3 -0.063669 0.399355 -0.914583 -0.295669 -0.041084 -0.954407 
4 -0.007363 0.061086 -0.998105 -0.258347 0.083588 -0.962429 
5 0.674203 -0.706933 -0.213764 -0.556692 -0.729101 -0.398127 
1 -0.624605 0.640054 -0.447436 0.239785 -0.324506 -0.914986 
2 0.970701 -0.157786 -0.181229 -0.984723 -0.142811 -0.099624 
3 -0.055407 0.405331 -0.912490 -0.318126 -0.099234 -0.942841 
4 -0.029114 -0.141273 -0.989542 -0.253912 0.100769 -0.961964 
5 0.056404 0.159527 -0.985581 0.029077 -0.435751 -0.899598 
1 -0.623055 0.642266 -0.446426 0.216574 -0.065391 -0.974074 
2 -0.968601 0.154261 -0.194976 -0.984221 -0.139429 -0.108941 
3 -0.089482 0.686573 -0.721534 -0.308020 -0.063555 -0.949255 
4 0.176854 0.462102 -0.869013 -0.286865 -0.114501 -0.951104 
5 0.045543 -0.041161 -0.998114 -0.036030 0.174147 -0.984060 
1 -0.599164 0.646070 -0.472859 -0.238719 -0.099814 -0.965945 
2 0.971625 -0.147427 -0.184960 -0.985787 -0.130303 -0.106041 
3 -0.092856 0.692159 -0.715747 -0.341483 0.005399 -0.939872 
4 0.189807 0.472591 -0.860599 -0.317085 -0.057470 -0.946654 
5 0.062597 -0.099947 -0.993022 0.042457 -0.428541 -0.902524 
1 -0.580378 0.650139 -0.490389 -0.263222 -0.145004 -0.953776 
2 0.972111 -0.146929 -0.182789 -0.985405 -0.130788 -0.108954 
3 -0.072359 0.446705 -0.891751 -0.340477 -0.007751 -0.940221 
4 0.161675 0.461362 -0.872357 -0.280495 0.007465 -0.959826 
5 0.084246 -0.010862 -0.996386 -0.003620 0.278018 -0.960569 
1 -0.574682 0.662988 -0.479780 -0.207333 -0.164699 -0.964307 
2 0.974823 -0.145882 -0.168635 -0.986417 -0.131793 -0.098042 
3 0.023886 0.299278 -0.953867 -0.306254 -0.082148 -0.948399 
4 0.166943 0.480295 -0.861073 -0.302215 0.038747 -0.952452 
5 0.028477 -0.181573 -0.982965 -0.101437 0.331445 -0.938006 
1 -0.543377 0.667234 -0.509450 -0.265694 -0.118486 -0.956749 
2 0.979529 -0.136285 -0.148151 -0.987926 -0.126909 -0.088866 
3 0.036659 0.328654 -0.943739 -0.399698 -0.084993 -0.912698 
4 0.105611 0.479808 -0.870994 -0.274923 -0.133515 -0.952151 
5 0.016763 -0.116204 -0.993084 -0.132878 0.300551 -0.944464 
1 -0.590774 0.663445 -0.459159 -0.242268 -0.103724 -0.964649 
2 0.981302 -0.140188 -0.131888 -0.987527 -0.132423 -0.085177 
3 0.040455 0.312247 -0.949139 -0.413703 -0.069322 -0.907769 
4 -0.019439 -0.118935 -0.992712 -0.299495 0.091464 -0.949704 
5 0.082319 0.127247 -0.988449 0.074655 -0.525922 -0.847250 
1 -0.583609 0.659744 -0.473433 -0.254865 -0.147825 -0.955611 
2 0.983593 -0.129485 -0.125611 -0.989155 -0.120439 -0.084070 
3 0.008904 0.353101 -0.935543 -0.396588 -0.084404 -0.914108 
4 0.026027 -0.036445 -0.998997 -0.254533 0.039580 -0.966254 
5 -0.030265 -0.362956 -0.931315 0.748443 0.585806 -0.310907 
1 -0.583609 0.659744 -0.473433 -0.254865 -0.147825 -0.955611 
2 0.983593 -0.129485 -0.125611 -0.989155 -0.120439 -0.084070 
3 0.008904 0.353101 -0.935543 -0.396588 -0.084404 -0.914108 
4 0.023780 -0.053459 -0.998287 -0.258169 0.016614 -0.965957 
5 -0.030265 -0.362956 -0.931315 0.748443 0.585806 -0.310907 
1 -0.588374 0.659295 -0.468130 -0.244842 -0.147136 -0.958333 
2 0.983615 -0.129766 -0.125152 -0.989283 -0.119875 -0.083365 
3 0.008904 0.353101 -0.935543 -0.396588 -0.084404 -0.914108 
4 0.023780 -0.053459 -0.998287 -0.258169 0.016614 -0.965957 
5 -0.030265 -0.362956 -0.931315 0.748443 0.585806 -0.310907 
1 -0.583609 0.659744 -0.473433 -0.254865 -0.147825 -0.955611 
2 0.983615 -0.129766 -0.125152 -0.989283 -0.119875 -0.083365 
3 0.011620 0.356750 -0.934127 -0.409173 -0.078126 -0.909106 
4 0.026027 -0.036445 -0.998997 -0.254533 0.039580 -0.966254 
5 -0.030265 -0.362956 -0.931315 0.748443 0.585806 -0.310907 
1 -0.588374 0.659295 -0.468130 -0.244842 -0.147136 -0.958333 
2 0.983593 -0.129485 -0.125611 -0.989155 -0.120439 -0.084070 
3 0.008671 0.343572 -0.939086 -0.408902 -0.061197 -0.910524 
4 0.030721 -0.037199 -0.998836 -0.245399 0.041298 -0.968542 
5 -0.030397 -0.350583 -0.936038 0.751099 0.588200 -0.299786 
1 -0.583609 0.659744 -0.473433 -0.254865 -0.147825 -0.955611 
2 0.983604 -0.129159 -0.125861 -0.989016 -0.120966 -0.084942 
3 0.008671 0.343572 -0.939086 -0.408902 -0.061197 -0.910524 
4 0.030721 -0.037199 -0.998836 -0.245399 0.041298 -0.968542 
5 -0.030397 -0.350583 -0.936038 0.751099 0.588200 -0.299786 
